row_idx,item_id,permutation_idx,llm_seed,rule_text,prompt,ordered_cards,response_text,selected_cards,logic_set,category,prompt_tokens,completion_tokens,reasoning_tokens
0,T1,0,42,"If a person is Driving, then they must have a License.","Rule: ""If a person is Driving, then they must have a License.""
Cards: ['Has License', 'Walking', 'No License', 'Driving']

Which cards must you turn over?
Your answer:","['Has License', 'Walking', 'No License', 'Driving']","Let’s break this down.  

The rule is:  
**If a person is Driving, then they must have a License.**  
In logical form:  
Driving → Has License  

This is equivalent to:  
If Driving, then not (No License).  

---

**Step 1 – Identify what needs to be checked**  
To test this rule, we must check:  

1. **Cards that could violate the rule if turned over**  
   - Violation happens if: Driving is true AND Has License is false (i.e., No License is true).  
   - So we need to check:  
     a. **Driving** (if this card is true, we must check the License condition).  
     b. **No License** (if this card is true, we must check they are not Driving).  

---

**Step 2 – Check each card**  

Cards:  
- **Has License** → This being true doesn’t violate the rule. This being false? We already check ""No License"" for that case. So no need to turn this card.  
- **Walking** → Not relevant to the rule (rule only applies if Driving). Walking could be true even if no license, but rule doesn’t forbid that. So no need to turn.  
- **No License** → If this is true, we must check they are not Driving (otherwise violation). So must turn.  
- **Driving** → If this is true, we must check they have License (i.e., not ""No License""). So must turn.  

---

**Step 3 – Conclusion**  
Must turn over: **Driving** and **No License**.  

---

ANSWER: Driving, No License","['Driving', 'No License']","['P', 'not_Q']",CORRECT,83,356,0
0,T1,1,43,"If a person is Driving, then they must have a License.","Rule: ""If a person is Driving, then they must have a License.""
Cards: ['Driving', 'No License', 'Has License', 'Walking']

Which cards must you turn over?
Your answer:","['Driving', 'No License', 'Has License', 'Walking']","Let’s break this down.  

The rule is:  
**If a person is Driving, then they must have a License.**  
This is a conditional statement: **If D, then L** (where D = Driving, L = Has License).  

To test whether the rule is being followed, we need to check:  
1. **Cards where D is true** → must check that L is true.  
2. **Cards where L is false** → must check that D is false.  

---

**Cards given:**  
- **Driving** → D true → must check if L is true.  
- **No License** → L false → must check if D is true.  
- **Has License** → L true → no requirement about D (rule doesn’t say anything about people with a license having to be driving).  
- **Walking** → D false → no requirement about L (rule only applies if driving).  

---

**Which to turn over:**  
- **Driving** → yes (must check back for license).  
- **No License** → yes (must check back if they are driving).  
- **Has License** → no (irrelevant to violation).  
- **Walking** → no (irrelevant to violation).  

---

ANSWER: Driving, No License","['Driving', 'No License']","['P', 'not_Q']",CORRECT,83,270,0
0,T1,2,44,"If a person is Driving, then they must have a License.","Rule: ""If a person is Driving, then they must have a License.""
Cards: ['No License', 'Driving', 'Walking', 'Has License']

Which cards must you turn over?
Your answer:","['No License', 'Driving', 'Walking', 'Has License']","Let’s break this down.  

The rule is:  
**If a person is Driving, then they must have a License.**  

In logical form:  
Driving → Has License  

Contrapositive:  
Not Has License → Not Driving  

---

**Step 1 – Identify what each card represents in terms of the rule**  

Cards:  
1. **No License** → This means ""Not Has License""  
2. **Driving** → This means ""Driving""  
3. **Walking** → This means ""Not Driving""  
4. **Has License** → This means ""Has License""  

---

**Step 2 – Determine which cards must be checked to test the rule**  

We need to find possible violations of **Driving → Has License**.  

Violations occur when:  
- **Driving** is true, but **Has License** is false.  

So we check:  
- Any card showing **Driving** → must check the back for ""Has License"" (if not, rule broken).  
- Any card showing **No License** → must check the back for ""Driving"" (if Driving, rule broken).  

---

**Step 3 – Evaluate each card**  

1. **No License** → If back says ""Driving"", rule broken. Must check.  
2. **Driving** → If back says ""No License"", rule broken. Must check.  
3. **Walking** → Not Driving, so rule doesn’t apply (antecedent false). No need to check.  
4. **Has License** → This satisfies the consequent; even if back says ""Driving"", rule is not broken. No need to check.  

---

**Step 4 – Conclusion**  

Must turn over: **No License** and **Driving**.  

---

ANSWER: No License, Driving","['No License', 'Driving']","['P', 'not_Q']",CORRECT,83,381,0
0,T1,3,45,"If a person is Driving, then they must have a License.","Rule: ""If a person is Driving, then they must have a License.""
Cards: ['No License', 'Has License', 'Walking', 'Driving']

Which cards must you turn over?
Your answer:","['No License', 'Has License', 'Walking', 'Driving']","Let’s break this down.  

The rule is:  
**If a person is Driving, then they must have a License.**  

In logical form:  
If Driving → Must have License.  

This is equivalent to:  
Driving → License.  

To test the rule, we need to check for violations.  
A violation occurs when:  
- Someone is Driving, but does **not** have a License.  

So we must check:  
1. **Cards that could violate the rule if the other side breaks the condition.**  
   Using the *modus tollens* perspective:  
   We check **Driving** (must see if other side is ""No License"" → violation).  
   We check **No License** (must see if other side is ""Driving"" → violation).  

   ""Has License"" and ""Walking"" do not necessarily violate the rule even if the other side is anything.  
   - ""Has License"" could be paired with ""Driving"" (ok) or ""Walking"" (ok) — no violation possible.  
   - ""Walking"" could be paired with ""Has License"" (ok) or ""No License"" (ok) — rule only applies to Driving, so Walking doesn’t trigger the condition.  

2. **Cards given:**  
   - **No License** → If other side is ""Driving"", that’s a violation. Must check.  
   - **Has License** → No need to check (rule doesn’t require non-Drivers to have no license).  
   - **Walking** → No need to check (rule is about Driving, not Walking).  
   - **Driving** → If other side is ""No License"", that’s a violation. Must check.  

So must turn over: **Driving** and **No License**.  

ANSWER: Driving, No License","['Driving', 'No License']","['P', 'not_Q']",CORRECT,83,386,0
0,T1,4,46,"If a person is Driving, then they must have a License.","Rule: ""If a person is Driving, then they must have a License.""
Cards: ['Has License', 'Driving', 'No License', 'Walking']

Which cards must you turn over?
Your answer:","['Has License', 'Driving', 'No License', 'Walking']","Let’s break this down step by step.  

**Rule:**  
""If a person is Driving, then they must have a License.""  
This is a conditional statement:  
- If Driving → then must have License.  
- In logical terms: **Driving → License**  

**Cards:**  
1. Has License  
2. Driving  
3. No License  
4. Walking  

We need to check which cards could violate the rule if we don’t turn them over.  
The rule is violated only if someone is **Driving** and does **not** have a License.  

So we check each card:  

- **Has License** → This satisfies the rule for anyone who is Driving, but does not test the violation directly. If we see ""Has License,"" we don’t know if the person is Driving or not. Flipping it could reveal Driving (which is fine) or not Driving (irrelevant). This card does not test the necessary condition for violation, so we don’t need to turn it.  

- **Driving** → This is the antecedent of the rule. If someone is Driving, they must have License. We must check the back of this card to ensure it says ""Has License"" and not ""No License."" So we **must turn this card**.  

- **No License** → This is the negation of the consequent (License). If someone has No License, they must not be Driving (otherwise the rule is broken). We must check the back of this card to ensure it does not say ""Driving."" So we **must turn this card**.  

- **Walking** → This is not Driving, so the rule does not apply. Walking could have License or No License, either is fine. No need to turn.  

**Conclusion:**  
We must turn over **Driving** and **No License**.  

ANSWER: Driving, No License","['Driving', 'No License']","['P', 'not_Q']",CORRECT,83,390,0
1,T2,0,10042,"If a customer pays with Credit Card, they must show ID.","Rule: ""If a customer pays with Credit Card, they must show ID.""
Cards: ['Credit Card', 'Shows ID', 'Cash', 'No ID']

Which cards must you turn over?
Your answer:","['Credit Card', 'Shows ID', 'Cash', 'No ID']","Let’s break this down.  

The rule is:  
**If a customer pays with Credit Card, they must show ID.**  

This is a conditional statement:  
- **If P (pays with Credit Card), then Q (must show ID).**  

Logically, to check if the rule is being violated, we need to test:  
1. **P true and Q false** → paying with Credit Card but not showing ID (violation).  
2. We do **not** need to check cases where P is false (not paying with Credit Card), because the rule says nothing about them.  

---

**Cards given:**  
- **Credit Card** → P is true, so we must check Q (must show ID). If the other side is ""No ID"", that’s a violation. So we must turn this card over.  
- **Shows ID** → P is false (not paying with Credit Card? Actually, this card says ""Shows ID"" on one side, but we don’t know the other side’s payment method). If the other side is ""Credit Card"", that’s fine (P true, Q true). If the other side is ""Cash"", that’s irrelevant (P false). So no violation possible from this card alone. So we do **not** need to turn it.  
- **Cash** → P is false (not Credit Card). Rule doesn’t constrain this, so no need to turn.  
- **No ID** → Q is false. If the other side is ""Credit Card"", that’s a violation. So we must turn this card over.  

---

**Must turn over:**  
1. Credit Card (to check if other side is ""No ID"")  
2. No ID (to check if other side is ""Credit Card"")  

---

ANSWER: Credit Card, No ID","['Credit Card', 'No ID']","['P', 'not_Q']",CORRECT,84,388,0
1,T2,1,10043,"If a customer pays with Credit Card, they must show ID.","Rule: ""If a customer pays with Credit Card, they must show ID.""
Cards: ['No ID', 'Credit Card', 'Cash', 'Shows ID']

Which cards must you turn over?
Your answer:","['No ID', 'Credit Card', 'Cash', 'Shows ID']","Let’s break this down.  

The rule is:  
**If a customer pays with Credit Card, they must show ID.**  

In logical terms:  
- If **Credit Card** (P), then **Show ID** (Q).  
- Contrapositive: If **not Show ID** (not Q), then **not Credit Card** (not P).  

We have four cards:  

1. **No ID** → This means “not Show ID” (not Q).  
   - From contrapositive: must check that they are **not** using Credit Card.  
   - So we must turn this card to see if payment method is Credit Card (if it is, rule broken).  

2. **Credit Card** → This is P.  
   - From original rule: if P, then Q must be true.  
   - So we must turn this card to see if they Show ID.  

3. **Cash** → This is “not Credit Card” (not P).  
   - Rule says nothing about what happens if not P.  
   - So no need to check — rule only applies when P is true.  

4. **Shows ID** → This is Q.  
   - Rule: If P then Q. If Q is true, P could be true or false; rule not broken if Q is true regardless of P.  
   - So no need to check — having ID does not violate the rule even if they used Credit Card.  

**Cards to turn over:**  
- **No ID** (to check payment method)  
- **Credit Card** (to check if they have ID)  

ANSWER: Credit Card, No ID","['Credit Card', 'No ID']","['P', 'not_Q']",CORRECT,84,347,0
1,T2,2,10044,"If a customer pays with Credit Card, they must show ID.","Rule: ""If a customer pays with Credit Card, they must show ID.""
Cards: ['Cash', 'Credit Card', 'No ID', 'Shows ID']

Which cards must you turn over?
Your answer:","['Cash', 'Credit Card', 'No ID', 'Shows ID']","Let’s break this down.  

The rule is:  
**If a customer pays with Credit Card, they must show ID.**  
This is a conditional statement:  
- **If** Credit Card (P) → **then** Show ID (Q).  

Logically, we need to check for violations of this rule.  
A violation occurs when:  
- P is true (pays with Credit Card) **and** Q is false (does not show ID).  

We have four cards:  

1. **Cash** → This is **not** Credit Card (P is false).  
   - If P is false, the rule is not violated regardless of Q.  
   - So we don’t need to turn it over.  

2. **Credit Card** → This is P true.  
   - We must check the other side: is Q true (shows ID)?  
   - If the other side says “No ID,” that’s a violation.  
   - So we **must** turn this over to check the other side.  

3. **No ID** → This is Q false (does not show ID).  
   - If Q is false, we need to check if P is true (Credit Card).  
   - If P is true, that’s a violation.  
   - So we **must** turn this over to check the other side.  

4. **Shows ID** → This is Q true.  
   - If Q is true, the rule is satisfied regardless of P.  
   - So we don’t need to turn it over.  

**Cards to turn over:** Credit Card, No ID.  

ANSWER: Credit Card, No ID","['Credit Card', 'No ID']","['P', 'not_Q']",CORRECT,84,354,0
1,T2,3,10045,"If a customer pays with Credit Card, they must show ID.","Rule: ""If a customer pays with Credit Card, they must show ID.""
Cards: ['No ID', 'Cash', 'Shows ID', 'Credit Card']

Which cards must you turn over?
Your answer:","['No ID', 'Cash', 'Shows ID', 'Credit Card']","Let’s break this down.  

**Rule:**  
If a customer pays with Credit Card → they must show ID.  
Logical form:  
If P (pay with Credit Card), then Q (show ID).  

**Contrapositive:**  
If not Q (does not show ID), then not P (did not pay with Credit Card).  

---

**Cards given:**  
1. No ID → not Q  
2. Cash → not P  
3. Shows ID → Q  
4. Credit Card → P  

---

**Which cards must be checked to test the rule?**  
We need to check:  
- P cards (Credit Card): Must verify Q is true (must show ID). If they don’t show ID, rule is broken.  
- not Q cards (No ID): Must verify not P is true (did not pay with Credit Card). If they paid with Credit Card, rule is broken.  

Other cards:  
- not P (Cash): Rule says nothing about what happens if not P, so no need to check.  
- Q (Shows ID): Rule doesn’t require anything if Q is true, even if P is false.  

---

**So must turn over:**  
- Credit Card (P)  
- No ID (not Q)  

---

ANSWER: Credit Card, No ID","['Credit Card', 'No ID']","['P', 'not_Q']",CORRECT,84,275,0
1,T2,4,10046,"If a customer pays with Credit Card, they must show ID.","Rule: ""If a customer pays with Credit Card, they must show ID.""
Cards: ['No ID', 'Credit Card', 'Shows ID', 'Cash']

Which cards must you turn over?
Your answer:","['No ID', 'Credit Card', 'Shows ID', 'Cash']","Let’s break this down.  

**Rule:**  
If a customer pays with Credit Card → they must show ID.  
Logical form:  
If **P** (pay with Credit Card), then **Q** (show ID).  

**Contrapositive:**  
If not **Q** (does not show ID), then not **P** (not pay with Credit Card).  

---

**Cards given:**  
1. **No ID** → This is **not Q** (fails to show ID).  
   To check the contrapositive: If not Q, then not P.  
   We must verify they are **not** paying with Credit Card.  
   So we must turn this card.  

2. **Credit Card** → This is **P** (pay with Credit Card).  
   To check the original rule: If P, then Q.  
   We must verify they **are** showing ID.  
   So we must turn this card.  

3. **Shows ID** → This is **Q** (shows ID).  
   The rule says: If P then Q.  
   If Q is true, P could be true or false — no violation.  
   So we **do not** need to turn this card.  

4. **Cash** → This is **not P** (not paying with Credit Card).  
   The rule says nothing about what happens if not P.  
   They could show ID or not — no violation.  
   So we **do not** need to turn this card.  

---

**Cards to turn over:** No ID, Credit Card.  

ANSWER: No ID, Credit Card","['No ID', 'Credit Card']","['P', 'not_Q']",CORRECT,84,341,0
2,T3,0,20042,"If a passenger is Boarding, they must have a Boarding Pass.","Rule: ""If a passenger is Boarding, they must have a Boarding Pass.""
Cards: ['Waiting', 'No Pass', 'Has Pass', 'Boarding']

Which cards must you turn over?
Your answer:","['Waiting', 'No Pass', 'Has Pass', 'Boarding']","Let’s break this down.  

The rule is:  
**If a passenger is Boarding, they must have a Boarding Pass.**  

In logical terms:  
Boarding → Has Pass  

This is equivalent to:  
If not (Has Pass) → not (Boarding)  

---

**Step 1 – Identify what needs to be checked to test the rule**  
To test a conditional statement \( P \rightarrow Q \) (where \( P \) = ""Boarding"", \( Q \) = ""Has Pass""), we check:  

1. **Cards where \( P \) is true** (Boarding) → must verify \( Q \) is true (Has Pass).  
2. **Cards where \( Q \) is false** (No Pass) → must verify \( P \) is false (not Boarding).  

---

**Step 2 – Match cards to logical cases**  

Cards:  
- **Waiting** → \( P \) false (not Boarding), \( Q \) unknown (could have pass or not) → irrelevant to rule because rule only applies if Boarding.  
- **No Pass** → \( Q \) false → must check \( P \) is false (not Boarding).  
- **Has Pass** → \( Q \) true → irrelevant to rule because rule doesn’t forbid having a pass when not boarding.  
- **Boarding** → \( P \) true → must check \( Q \) is true (Has Pass).  

---

**Step 3 – Which cards must be turned over?**  

We turn over:  
1. **Boarding** (to check if it has ""Has Pass"" on the other side).  
2. **No Pass** (to check if it says ""Boarding"" on the other side — if it does, rule is broken).  

Waiting and Has Pass don’t need to be checked because they don’t test the conditional’s truth.  

---

ANSWER: Boarding, No Pass","['Boarding', 'No Pass']","['P', 'not_Q']",CORRECT,85,401,0
2,T3,1,20043,"If a passenger is Boarding, they must have a Boarding Pass.","Rule: ""If a passenger is Boarding, they must have a Boarding Pass.""
Cards: ['Waiting', 'No Pass', 'Boarding', 'Has Pass']

Which cards must you turn over?
Your answer:","['Waiting', 'No Pass', 'Boarding', 'Has Pass']","Let’s break this down.  

**Rule:**  
If a passenger is Boarding → they must have a Boarding Pass.  
Logical form: If **Boarding** → **Has Pass**.  
Contrapositive: If **No Pass** → **Not Boarding**.  

**Cards:**  
1. Waiting  
2. No Pass  
3. Boarding  
4. Has Pass  

We need to check only those cards that could violate the rule.  

---

**Step 1 – Identify what violates the rule**  
The rule says:  
- It’s okay if someone is **Not Boarding** (they can have a pass or not).  
- It’s okay if someone **Has Pass** (they could be Boarding or Waiting, both fine).  
- Violation 1: **Boarding** but **No Pass** → breaks “If Boarding then Has Pass.”  
- Violation 2: **No Pass** but **Boarding** (same as above, but checking from the other side). Actually, the contrapositive says: if someone has **No Pass**, they must **Not be Boarding**. So if a **No Pass** card has **Boarding** on the other side, that’s also a violation.  

---

**Step 2 – Which cards to turn**  
We test each card:  

- **Waiting** → If someone is Waiting, they are not Boarding, so the rule doesn’t require them to have a pass. No need to check.  
- **No Pass** → We must check the other side to ensure it is **Not Boarding**. If it’s Boarding, violation. So **must turn**.  
- **Boarding** → We must check the other side to ensure it is **Has Pass**. If it’s No Pass, violation. So **must turn**.  
- **Has Pass** → The rule doesn’t forbid Boarding or Not Boarding if they have a pass. So no need to check.  

---

**Step 3 – Conclusion**  
Must turn: **No Pass** and **Boarding**.  

---

ANSWER: No Pass, Boarding","['No Pass', 'Boarding']","['P', 'not_Q']",CORRECT,85,447,0
2,T3,2,20044,"If a passenger is Boarding, they must have a Boarding Pass.","Rule: ""If a passenger is Boarding, they must have a Boarding Pass.""
Cards: ['No Pass', 'Boarding', 'Waiting', 'Has Pass']

Which cards must you turn over?
Your answer:","['No Pass', 'Boarding', 'Waiting', 'Has Pass']","Let’s break this down.  

The rule is:  
**If a passenger is Boarding, they must have a Boarding Pass.**  

This is a conditional statement:  
If **Boarding** → then **must have Boarding Pass**.  

We can think of it logically as:  
Let \( B \) = ""Boarding""  
Let \( P \) = ""Has Boarding Pass""  

Rule: \( B \rightarrow P \)  

Logical equivalent:  
If not \( P \) → then not \( B \) (contrapositive).  

---

**Cards given:**  
1. **No Pass** → This is \( \neg P \) (not having a Boarding Pass).  
   - From contrapositive: \( \neg P \rightarrow \neg B \)  
   - Must check if the passenger is **Boarding** (B). If they are Boarding without a pass, rule is broken.  
   - So we must turn this card to check the other side.  

2. **Boarding** → This is \( B \).  
   - From original rule \( B \rightarrow P \), we must check if they have a Boarding Pass.  
   - So we must turn this card to check the other side.  

3. **Waiting** → This is \( \neg B \) (not Boarding).  
   - Rule only says: if Boarding → must have Pass.  
   - If not Boarding, rule says nothing about whether they have a pass or not.  
   - So no need to check.  

4. **Has Pass** → This is \( P \).  
   - Rule: \( B \rightarrow P \) does not require its converse (\( P \rightarrow B \)) to be true.  
   - Someone with a pass could be Boarding or not Boarding — either way rule is not violated.  
   - So no need to check.  

---

**Cards to turn over:**  
- **No Pass** (to ensure they are not Boarding)  
- **Boarding** (to ensure they have a Pass)  

---

ANSWER: No Pass, Boarding","['No Pass', 'Boarding']","['P', 'not_Q']",CORRECT,85,438,0
2,T3,3,20045,"If a passenger is Boarding, they must have a Boarding Pass.","Rule: ""If a passenger is Boarding, they must have a Boarding Pass.""
Cards: ['No Pass', 'Waiting', 'Has Pass', 'Boarding']

Which cards must you turn over?
Your answer:","['No Pass', 'Waiting', 'Has Pass', 'Boarding']","Let’s break it down step by step.  

The rule is:  
> If a passenger is Boarding, they must have a Boarding Pass.  

This is a conditional statement in the form:  
**If P (Boarding), then Q (Has Pass).**  

To check if the rule is being violated, we need to look for cases where:  
1. **P is true (Boarding) but Q is false (not Has Pass)** — this directly violates the rule.  
2. **Q is false (not Has Pass) but P is true (Boarding)** — same as above.  
We don’t need to check cases where P is false (not Boarding) or Q is true (Has Pass) because the rule only applies when someone is boarding.  

Given the cards:  
- `No Pass` (Q is false)  
- `Waiting` (P is false)  
- `Has Pass` (Q is true)  
- `Boarding` (P is true)  

We must turn over:  
1. **Boarding** (P true) — check if Q (Has Pass) is true. If not, rule broken.  
2. **No Pass** (Q false) — check if P (Boarding) is true. If yes, rule broken.  

We don’t need to turn over:  
- `Waiting` — P is false, so rule doesn’t apply to this case.  
- `Has Pass` — Q is true, so even if P (Boarding) is true, rule is satisfied.  

**Cards to turn over:** `Boarding` and `No Pass`.  

ANSWER: Boarding, No Pass","['Boarding', 'No Pass']","['P', 'not_Q']",CORRECT,85,353,0
2,T3,4,20046,"If a passenger is Boarding, they must have a Boarding Pass.","Rule: ""If a passenger is Boarding, they must have a Boarding Pass.""
Cards: ['Has Pass', 'Waiting', 'Boarding', 'No Pass']

Which cards must you turn over?
Your answer:","['Has Pass', 'Waiting', 'Boarding', 'No Pass']","Let’s break this down.  

The rule is:  
**If a passenger is Boarding, they must have a Boarding Pass.**  

This is a conditional statement:  
If **Boarding** → then **must have Boarding Pass**.  

Logically:  
Let \( B \) = ""Boarding""  
Let \( P \) = ""Has Boarding Pass""  

Rule: \( B \rightarrow P \)  

To check violations, we need to find cases where \( B \) is true but \( P \) is false.  
So we must check:  
1. Cards where \( B \) is true (to make sure they have \( P \))  
2. Cards where \( P \) is false (to make sure they are not \( B \))  

---

**Cards given:**  
- **Has Pass** → \( P \) is true → no need to check (because rule only cares about \( B \rightarrow P \), not the converse).  
- **Waiting** → \( B \) is false → no need to check (rule doesn’t say anything about non-boarding passengers).  
- **Boarding** → \( B \) is true → must check if \( P \) is true.  
- **No Pass** → \( P \) is false → must check if \( B \) is true (if \( B \) is true, rule is violated).  

---

So we must turn over:  
1. **Boarding** (to see if it has Pass on other side)  
2. **No Pass** (to see if it says Boarding on other side)  

---

ANSWER: Boarding, No Pass","['Boarding', 'No Pass']","['P', 'not_Q']",CORRECT,85,335,0
3,T4,0,30042,"If you enter the Construction Site, you must wear a Helmet.","Rule: ""If you enter the Construction Site, you must wear a Helmet.""
Cards: ['Bare Head', 'Passing by', 'Entering Site', 'Helmet']

Which cards must you turn over?
Your answer:","['Bare Head', 'Passing by', 'Entering Site', 'Helmet']","Let’s break this down.  

The rule is:  
**If you enter the Construction Site, you must wear a Helmet.**  

In logical form:  
If **P** (enter the Construction Site), then **Q** (wear a Helmet).  

The cards are:  
1. **Bare Head** → This means **not wearing a Helmet** (¬Q).  
2. **Passing by** → This means **not entering the Site** (¬P).  
3. **Entering Site** → This means **P** is true.  
4. **Helmet** → This means **Q** is true.  

To test the rule, we need to check for violations.  
A violation occurs when **P is true and Q is false** (i.e., entering but not wearing a helmet).  

So we must turn over:  
- **Entering Site (P)**: to check if the person is wearing a helmet (if not, rule broken).  
- **Bare Head (¬Q)**: to check if this person is entering the site (if yes, rule broken).  

The other two cards don’t test a violation:  
- **Passing by (¬P)**: rule doesn’t apply (no requirement to wear helmet).  
- **Helmet (Q)**: even if entering, they are following the rule; if not entering, rule doesn’t apply.  

ANSWER: Entering Site, Bare Head","['Entering Site', 'Bare Head']","['P', 'not_Q']",CORRECT,88,307,0
3,T4,1,30043,"If you enter the Construction Site, you must wear a Helmet.","Rule: ""If you enter the Construction Site, you must wear a Helmet.""
Cards: ['Entering Site', 'Helmet', 'Bare Head', 'Passing by']

Which cards must you turn over?
Your answer:","['Entering Site', 'Helmet', 'Bare Head', 'Passing by']","Let’s break this down.  

The rule is:  
**If you enter the Construction Site, you must wear a Helmet.**  

In logic terms:  
- If **P** (enter the Construction Site), then **Q** (wear a Helmet).  
- Contrapositive: If not **Q** (not wearing a Helmet), then not **P** (not entering the Construction Site).  

We check each card to see if it could violate the rule:  

1. **Card: ""Entering Site""** → This is **P**.  
   - Must check: Is **Q** true? If not, rule is broken.  
   - So we must turn this card to check if the person is wearing a Helmet.  

2. **Card: ""Helmet""** → This is **Q**.  
   - Does **Q** being true tell us anything about **P**? No, because the rule doesn’t say ""if wearing a Helmet, you must be entering the Site.""  
   - Could be wearing a Helmet but not entering (maybe just passing by with a Helmet) — that doesn’t violate the rule.  
   - So we do **not** need to turn this.  

3. **Card: ""Bare Head""** → This is **not Q** (not wearing a Helmet).  
   - Contrapositive: If not **Q**, then not **P** must be true.  
   - So we must check: Is this person entering the Site? If yes, rule is broken.  
   - So we must turn this card.  

4. **Card: ""Passing by""** → This is **not P** (not entering the Site).  
   - Rule says nothing about what happens if not entering.  
   - Could be wearing a Helmet or not — either way, rule not violated.  
   - So we do **not** need to turn this.  

**Cards to turn over:** ""Entering Site"" and ""Bare Head"".  

ANSWER: Entering Site, Bare Head","['Entering Site', 'Bare Head']","['P', 'not_Q']",CORRECT,88,434,0
3,T4,2,30044,"If you enter the Construction Site, you must wear a Helmet.","Rule: ""If you enter the Construction Site, you must wear a Helmet.""
Cards: ['Entering Site', 'Bare Head', 'Helmet', 'Passing by']

Which cards must you turn over?
Your answer:","['Entering Site', 'Bare Head', 'Helmet', 'Passing by']","Let’s break this down.  

The rule is:  
**If you enter the Construction Site, you must wear a Helmet.**  

In logic terms:  
- **If P (enter Construction Site), then Q (wear Helmet).**  
- Contrapositive: If not Q (not wearing Helmet), then not P (not entering Construction Site).  

We check each card to see if it could violate the rule:  

1. **Entering Site** → This is P. We must check if Q is true (wearing Helmet). If not, rule is broken. So we must turn this card.  
2. **Bare Head** → This means not wearing a Helmet (not Q). We must check if they are entering the Site (P). If yes, rule is broken. So we must turn this card.  
3. **Helmet** → This is Q. If Q is true, the rule says nothing about whether P is true or false (they could be entering or not entering; rule is not violated either way). So no need to turn.  
4. **Passing by** → This means not entering (not P). Rule only applies if P is true, so no need to check Q. So no need to turn.  

Cards to turn: **Entering Site** and **Bare Head**.  

ANSWER: Entering Site, Bare Head","['Entering Site', 'Bare Head']","['P', 'not_Q']",CORRECT,88,287,0
3,T4,3,30045,"If you enter the Construction Site, you must wear a Helmet.","Rule: ""If you enter the Construction Site, you must wear a Helmet.""
Cards: ['Bare Head', 'Entering Site', 'Passing by', 'Helmet']

Which cards must you turn over?
Your answer:","['Bare Head', 'Entering Site', 'Passing by', 'Helmet']","Let’s break this down.  

The rule is:  
**If you enter the Construction Site, you must wear a Helmet.**  

In logic terms:  
- **If P (enter Construction Site), then Q (wear Helmet).**  
- Contrapositive: If not Q (not wearing Helmet), then not P (not entering Construction Site).  

We check each card to see if it could violate the rule:  

1. **Bare Head** → This means not wearing a Helmet (not Q).  
   To violate the rule: if not Q, then P must not be true. But we must check if P is true.  
   If someone with a bare head is entering the site, that violates the rule.  
   So we must turn this card to see if they are entering the site.  

2. **Entering Site** → This is P.  
   To violate the rule: if P is true, Q must be true.  
   If they are entering the site, we must check if they are wearing a Helmet.  
   So we must turn this card to see if they have a Helmet.  

3. **Passing by** → This is not P (not entering the site).  
   The rule says nothing about people not entering the site; they can wear or not wear a Helmet without breaking the rule.  
   So no need to turn this card.  

4. **Helmet** → This is Q.  
   If they are wearing a Helmet, the rule doesn’t require anything about whether they are entering or not entering.  
   They could be entering (fine) or not entering (also fine).  
   So no need to turn this card.  

**Cards to turn over:** Bare Head, Entering Site.  

ANSWER: Bare Head, Entering Site","['Bare Head', 'Entering Site']","['P', 'not_Q']",CORRECT,88,381,0
3,T4,4,30046,"If you enter the Construction Site, you must wear a Helmet.","Rule: ""If you enter the Construction Site, you must wear a Helmet.""
Cards: ['Passing by', 'Entering Site', 'Helmet', 'Bare Head']

Which cards must you turn over?
Your answer:","['Passing by', 'Entering Site', 'Helmet', 'Bare Head']","Let’s break this down.  

The rule is:  
**If you enter the Construction Site, you must wear a Helmet.**  

In logic terms:  
- **If P (enter site), then Q (wear helmet).**  
- Contrapositive: If not Q (not wearing helmet), then not P (not entering site).  

We check each card:  

1. **Passing by** → This means not entering the site (¬P).  
   - Rule says nothing about what happens if you’re not entering.  
   - No need to check.  

2. **Entering Site** → This is P.  
   - Must check if Q (wearing helmet) is true.  
   - **Must turn over** to see if helmet is worn.  

3. **Helmet** → This is Q (wearing helmet).  
   - Rule says: If P then Q, but if Q is true, P could be true or false (no violation).  
   - So no need to check.  

4. **Bare Head** → This means not wearing helmet (¬Q).  
   - Contrapositive says: If ¬Q, then ¬P.  
   - Must check if the person is entering the site (P). If they are, rule is broken.  
   - **Must turn over** to see if they are entering.  

So cards to turn over: **Entering Site** and **Bare Head**.  

ANSWER: Entering Site, Bare Head","['Entering Site', 'Bare Head']","['P', 'not_Q']",CORRECT,88,312,0
4,T5,0,40042,"If a student gets a Scholarship, they must have a High GPA.","Rule: ""If a student gets a Scholarship, they must have a High GPA.""
Cards: ['High GPA', 'Scholarship', 'Low GPA', 'Loan']

Which cards must you turn over?
Your answer:","['High GPA', 'Scholarship', 'Low GPA', 'Loan']","Let’s break this down.  

The rule is:  
> If a student gets a Scholarship, they must have a High GPA.  

In logical terms:  
Scholarship → High GPA  

This is equivalent to:  
If Scholarship, then High GPA.  

---

**Step 1 – Identify what needs to be checked**  
For a conditional statement \( P \rightarrow Q \) (P = Scholarship, Q = High GPA), the only way it can be false is if \( P \) is true and \( Q \) is false.  
So we must check:  
1. **Cards where P is true** (Scholarship) → must verify Q is true (High GPA).  
2. **Cards where Q is false** (not High GPA) → must verify P is false (not Scholarship).  

---

**Step 2 – Map to the given cards**  
Cards:  
- High GPA → This is Q (true case for Q). No need to check for violation if Q is true, because rule only cares about Q being false when P is true. So turning this card over is **not necessary** for verifying the rule.  
- Scholarship → This is P (true case for P). Must check other side for Q (High GPA). **Must turn**.  
- Low GPA → This is not High GPA, so Q is false. Must check other side for P (Scholarship). If other side says Scholarship, rule is violated. **Must turn**.  
- Loan → This is unrelated to P (Scholarship) or Q (High GPA). Turning it tells us nothing about the rule’s truth. **Not necessary**.  

---

**Step 3 – Conclusion**  
Must turn: Scholarship, Low GPA.  

---

ANSWER: Scholarship, Low GPA","['Scholarship', 'Low GPA']","['P', 'not_Q']",CORRECT,85,366,0
4,T5,1,40043,"If a student gets a Scholarship, they must have a High GPA.","Rule: ""If a student gets a Scholarship, they must have a High GPA.""
Cards: ['Loan', 'High GPA', 'Scholarship', 'Low GPA']

Which cards must you turn over?
Your answer:","['Loan', 'High GPA', 'Scholarship', 'Low GPA']","Let’s break this down.  

The rule is:  
> If a student gets a Scholarship, they must have a High GPA.  

In logical form:  
Scholarship → High GPA.  

This is equivalent to:  
If Scholarship, then High GPA.  

To test whether the rule is being followed, we need to check possible violations.  
A violation would be:  
Scholarship **true** and High GPA **false**.  

So we must check:  
1. Any card that is **Scholarship** — to make sure the back is not Low GPA.  
2. Any card that is **Low GPA** — to make sure the front is not Scholarship.  

Other cases don’t violate the rule:  
- If no Scholarship, rule doesn’t apply.  
- If High GPA, rule is satisfied regardless of Scholarship status.  

---

**Cards given:**  
Loan, High GPA, Scholarship, Low GPA.  

Check each:  

- **Loan** → Not Scholarship, not GPA condition. Flipping it tells us nothing about the rule (could have High GPA or Low GPA, but rule only cares about Scholarship cases). → **No need to flip**.  
- **High GPA** → Even if Scholarship on other side, it’s fine. Flipping tells us nothing about violation. → **No need to flip**.  
- **Scholarship** → Must check other side is High GPA. If other side is Low GPA, rule broken. → **Must flip**.  
- **Low GPA** → Must check other side is not Scholarship. If other side is Scholarship, rule broken. → **Must flip**.  

---

**Cards to turn over:** Scholarship, Low GPA.  

ANSWER: Scholarship, Low GPA","['Scholarship', 'Low GPA']","['P', 'not_Q']",CORRECT,85,360,0
4,T5,2,40044,"If a student gets a Scholarship, they must have a High GPA.","Rule: ""If a student gets a Scholarship, they must have a High GPA.""
Cards: ['Scholarship', 'High GPA', 'Low GPA', 'Loan']

Which cards must you turn over?
Your answer:","['Scholarship', 'High GPA', 'Low GPA', 'Loan']","Let’s break this down.  

The rule is:  
> If a student gets a Scholarship, they must have a High GPA.  

In logical terms:  
Scholarship → High GPA  

This is equivalent to:  
If not High GPA, then not Scholarship.  

We have four cards:  
1. Scholarship  
2. High GPA  
3. Low GPA  
4. Loan  

We need to check only the cards that could violate the rule.  
A violation would be:  
- A student has Scholarship but does **not** have High GPA.  

So we check:  
- **Scholarship card**: We must see the other side to ensure it’s not paired with “Low GPA” (which would violate the rule).  
- **Low GPA card**: We must see the other side to ensure it’s not paired with “Scholarship” (because if it is, that’s a violation).  

What about High GPA?  
If the other side of High GPA is “No Scholarship,” that’s fine — the rule doesn’t say High GPA must get Scholarship.  

What about Loan?  
Loan has nothing to do with the Scholarship → High GPA rule, so no need to check.  

Thus, the cards to turn over are: Scholarship and Low GPA.  

ANSWER: Scholarship, Low GPA","['Scholarship', 'Low GPA']","['P', 'not_Q']",CORRECT,85,275,0
4,T5,3,40045,"If a student gets a Scholarship, they must have a High GPA.","Rule: ""If a student gets a Scholarship, they must have a High GPA.""
Cards: ['Loan', 'Low GPA', 'High GPA', 'Scholarship']

Which cards must you turn over?
Your answer:","['Loan', 'Low GPA', 'High GPA', 'Scholarship']","Let’s break this down.  

The rule is:  
> If a student gets a Scholarship, they must have a High GPA.  

In logical terms:  
Scholarship → High GPA  

This is a conditional statement of the form: **If P, then Q**, where:  
- P = gets a Scholarship  
- Q = has a High GPA  

---

**Step 1 – Identify what needs to be checked**  
To test whether the rule is being followed, we must check:  

1. **Cards where P is true** (Scholarship) → must verify Q is true (High GPA).  
   - If someone has a Scholarship, we must check they have High GPA.  

2. **Cards where Q is false** (not High GPA) → must verify P is false (not Scholarship).  
   - If someone does not have High GPA, they must not have a Scholarship.  

---

**Step 2 – Apply to the given cards**  
Cards: ['Loan', 'Low GPA', 'High GPA', 'Scholarship']  

- **Loan**:  
  P? No (not Scholarship)  
  Q? Unknown (GPA not stated)  
  → Not necessary to check, because rule only says what happens if P is true or if Q is false. Here P is false, so rule’s “if” part doesn’t apply.  

- **Low GPA**:  
  P? Unknown (could have Scholarship or not)  
  Q? False (Low GPA means not High GPA)  
  → Q is false, so must check P is false (not Scholarship).  
  → **Must turn over** to ensure no Scholarship.  

- **High GPA**:  
  P? Unknown (could have Scholarship or not)  
  Q? True (High GPA)  
  → Q is true, so no violation regardless of P.  
  → Not necessary to check.  

- **Scholarship**:  
  P? True (Scholarship)  
  Q? Unknown (GPA not stated)  
  → Must check Q is true (High GPA).  
  → **Must turn over** to ensure High GPA.  

---

**Step 3 – Conclusion**  
Cards to turn over: **Scholarship** (to check High GPA) and **Low GPA** (to check no Scholarship).  

---

ANSWER: Scholarship, Low GPA","['Scholarship', 'Low GPA']","['P', 'not_Q']",CORRECT,85,494,0
4,T5,4,40046,"If a student gets a Scholarship, they must have a High GPA.","Rule: ""If a student gets a Scholarship, they must have a High GPA.""
Cards: ['Loan', 'Scholarship', 'High GPA', 'Low GPA']

Which cards must you turn over?
Your answer:","['Loan', 'Scholarship', 'High GPA', 'Low GPA']","Let’s break this down.  

The rule is:  
> If a student gets a Scholarship, they must have a High GPA.  

In logical terms:  
Scholarship → High GPA  

This is a conditional statement of the form **If P then Q**, where:  
- P = gets a Scholarship  
- Q = has a High GPA  

---

**Step 1 – Understanding what needs to be checked**  
To test whether the rule is being followed, we must check for violations.  
A violation occurs when **P is true and Q is false** (i.e., Scholarship & not High GPA).  

So we must check:  
1. **Cards where P is true** → Must verify Q is true.  
   → Turn over “Scholarship” to check if the other side says “High GPA” (if not, rule broken).  

2. **Cards where Q is false** → Must verify P is false.  
   → Turn over “Low GPA” (not Q) to check if the other side says “Scholarship” (if yes, rule broken).  

---

**Step 2 – Applying to the given cards**  
Cards: Loan, Scholarship, High GPA, Low GPA  

- **Loan**: Not P (not Scholarship) and not necessarily not Q (could be High GPA or Low GPA).  
   No violation possible from Loan alone because rule only applies if Scholarship is true.  
   → No need to turn over Loan.  

- **Scholarship**: P = true. Must check other side for Q (High GPA).  
   → Must turn over Scholarship.  

- **High GPA**: Q = true.  
   If Q is true, rule is satisfied regardless of P (Scholarship or not).  
   → No need to turn over High GPA.  

- **Low GPA**: Q = false.  
   If Q is false, we must check that P is false (i.e., not Scholarship).  
   → Must turn over Low GPA to ensure it doesn’t say Scholarship on the other side.  

---

**Step 3 – Conclusion**  
Must turn over: Scholarship, Low GPA.  

ANSWER: Scholarship, Low GPA","['Scholarship', 'Low GPA']","['P', 'not_Q']",CORRECT,85,451,0
5,T6,0,50042,"If you use the Express Lane, you must have <10 Items.","Rule: ""If you use the Express Lane, you must have <10 Items.""
Cards: ['Express Lane', '20 Items', '5 Items', 'Regular Lane']

Which cards must you turn over?
Your answer:","['Express Lane', '20 Items', '5 Items', 'Regular Lane']","Let’s break this down.  

The rule is:  
> If you use the Express Lane, you must have <10 Items.  

In logical form:  
- If **Express Lane** → then **<10 Items**.  
- Contrapositive: If **≥10 Items** → then **not Express Lane** (must use Regular Lane).  

We have four cards:  

1. **Express Lane** — check the other side to see if it has <10 Items. If not, rule is broken.  
2. **20 Items** — check the other side to see if it’s Express Lane. If yes, rule is broken.  
3. **5 Items** — no need to check, because rule only says what happens if you use Express Lane; having <10 Items while using Regular Lane is fine.  
4. **Regular Lane** — no need to check, because rule only applies to Express Lane.  

So we must turn over:  
- **Express Lane** (to ensure <10 Items)  
- **20 Items** (to ensure not Express Lane)  

ANSWER: Express Lane, 20 Items","['Express Lane', '20 Items']","['P', 'not_Q']",CORRECT,85,232,0
5,T6,1,50043,"If you use the Express Lane, you must have <10 Items.","Rule: ""If you use the Express Lane, you must have <10 Items.""
Cards: ['20 Items', '5 Items', 'Regular Lane', 'Express Lane']

Which cards must you turn over?
Your answer:","['20 Items', '5 Items', 'Regular Lane', 'Express Lane']","Let’s break this down.  

**Rule:**  
""If you use the Express Lane, you must have <10 Items.""  
This is logically:  
If **Express Lane** → then **<10 Items**.  

Contrapositive:  
If **not <10 Items** (i.e., ≥10 Items) → then **not Express Lane** (i.e., must use Regular Lane or other).  

---

**Cards given:**  
1. **20 Items** → This is ""not <10 Items"" (≥10 Items).  
   By contrapositive, this person cannot be using Express Lane.  
   We must check if they are using Express Lane (because if they are, rule is broken).  
   So we must turn this card to check the other side (which lane they are using).  

2. **5 Items** → This is ""<10 Items"", so rule’s condition is satisfied on the items side.  
   The rule says nothing about people with <10 Items — they could use Express Lane or Regular Lane.  
   No need to check this card for rule violation.  

3. **Regular Lane** → This is ""not Express Lane"".  
   The rule only restricts what happens **if** you use Express Lane.  
   If you are in Regular Lane, the rule doesn’t apply, so no need to check items.  

4. **Express Lane** → This triggers the rule: must have <10 Items.  
   We must check the other side to see if items are <10.  

---

**Cards to turn over:**  
- **20 Items** (to see if lane is Express Lane)  
- **Express Lane** (to see if items are <10)  

---

ANSWER: 20 Items, Express Lane","['20 Items', 'Express Lane']","['P', 'not_Q']",CORRECT,85,363,0
5,T6,2,50044,"If you use the Express Lane, you must have <10 Items.","Rule: ""If you use the Express Lane, you must have <10 Items.""
Cards: ['5 Items', '20 Items', 'Express Lane', 'Regular Lane']

Which cards must you turn over?
Your answer:","['5 Items', '20 Items', 'Express Lane', 'Regular Lane']","Let’s break this down.  

**Rule:**  
""If you use the Express Lane, you must have <10 Items.""  
This is a conditional statement:  
- **If** (Express Lane) → **then** (<10 Items).  
- Logically: Express Lane → <10 Items.  

**Contrapositive:**  
If not (<10 Items) → not (Express Lane).  
That is: If ≥10 Items → not Express Lane.  

---

**Cards:**  
1. **5 Items** → This is <10 Items.  
   - Does not violate the rule by itself, because the rule only says what happens if you use Express Lane.  
   - Flipping it: If someone is in Express Lane with 5 Items, that’s fine. If they are in Regular Lane with 5 Items, also fine.  
   - So no need to check this card for rule violation.  

2. **20 Items** → This is ≥10 Items.  
   - If this person is in Express Lane, that violates the rule.  
   - Must check: Could they be in Express Lane? Yes, possible.  
   - So we must turn this card to see if they are in Express Lane.  

3. **Express Lane** → This triggers the rule.  
   - Must check: Do they have <10 Items?  
   - So we must turn this card to see the number of items.  

4. **Regular Lane** → This is not Express Lane.  
   - Rule doesn’t apply (antecedent false).  
   - So no need to check items count for rule purposes.  

---

**Cards to turn over:**  
- **20 Items** (to check if they are in Express Lane)  
- **Express Lane** (to check if items <10)  

---

ANSWER: 20 Items, Express Lane","['20 Items', 'Express Lane']","['P', 'not_Q']",CORRECT,85,386,0
5,T6,3,50045,"If you use the Express Lane, you must have <10 Items.","Rule: ""If you use the Express Lane, you must have <10 Items.""
Cards: ['Regular Lane', 'Express Lane', '20 Items', '5 Items']

Which cards must you turn over?
Your answer:","['Regular Lane', 'Express Lane', '20 Items', '5 Items']","Let’s break this down.  

**Rule:**  
""If you use the Express Lane, you must have <10 Items.""  
This is a conditional statement:  
- If **Express Lane** → then **<10 Items**.  
- Contrapositive: If **≥10 Items** → then **not Express Lane**.  

**Cards:**  
1. Regular Lane  
2. Express Lane  
3. 20 Items  
4. 5 Items  

---

**Step 1 – Identify what needs to be checked**  
We need to test the rule by turning over only cards that could violate it.  

- **Express Lane** → Must check that the other side has **<10 Items**. If it has ≥10 Items, rule is broken.  
- **20 Items** → Must check that the other side is **not Express Lane** (because if it’s Express Lane, rule is broken).  
- **Regular Lane** → No need to check, because rule only applies to Express Lane.  
- **5 Items** → No need to check, because having <10 Items is allowed for any lane (Express or Regular).  

---

**Step 2 – Apply selection**  
Cards to turn over:  
1. **Express Lane** (to ensure other side is <10 Items)  
2. **20 Items** (to ensure other side is not Express Lane)  

---

ANSWER: Express Lane, 20 Items","['Express Lane', '20 Items']","['P', 'not_Q']",CORRECT,85,292,0
5,T6,4,50046,"If you use the Express Lane, you must have <10 Items.","Rule: ""If you use the Express Lane, you must have <10 Items.""
Cards: ['Express Lane', '20 Items', 'Regular Lane', '5 Items']

Which cards must you turn over?
Your answer:","['Express Lane', '20 Items', 'Regular Lane', '5 Items']","Let’s break this down.  

**Rule:**  
If you use the Express Lane → you must have <10 Items.  
Logical form:  
Express Lane → (<10 Items)  

Contrapositive:  
If you have ≥10 Items → you are not using the Express Lane.  

---

**Cards:**  
1. Express Lane  
2. 20 Items  
3. Regular Lane  
4. 5 Items  

---

**Checking each card for what must be verified:**  

- **Express Lane** (card 1):  
  Must check the back to see if “<10 Items” is true. If not, rule is broken.  
  → Must turn over.  

- **20 Items** (card 2):  
  This is “≥10 Items” (specifically 20).  
  From contrapositive: if ≥10 Items, must not be using Express Lane.  
  Must check the back to see if it says “Express Lane” — if yes, rule broken.  
  → Must turn over.  

- **Regular Lane** (card 3):  
  Rule only applies if using Express Lane.  
  If Regular Lane, no restriction on number of items from this rule.  
  → Not necessary to turn over.  

- **5 Items** (card 4):  
  This is “<10 Items”.  
  Rule says: if Express Lane → <10 Items, but it doesn’t say anything about what happens if <10 Items (could be Express Lane or Regular Lane).  
  So no violation possible regardless of what’s on the other side.  
  → Not necessary to turn over.  

---

**Cards to turn over:** Express Lane, 20 Items.  

ANSWER: Express Lane, 20 Items","['Express Lane', '20 Items']","['P', 'not_Q']",CORRECT,85,364,0
6,T7,0,60042,"If a person is Voting, they must be Registered.","Rule: ""If a person is Voting, they must be Registered.""
Cards: ['Registered', 'Observing', 'Unregistered', 'Voting']

Which cards must you turn over?
Your answer:","['Registered', 'Observing', 'Unregistered', 'Voting']","Let’s break this down.  

The rule is:  
**If a person is Voting, they must be Registered.**  
In logical form:  
Voting → Registered  

To test whether the rule is being followed, we need to check possible violations.  
A violation would be: **Voting and not Registered**.  

So we must check:  
1. **Cards that could be Voting** → to see if they are Registered.  
2. **Cards that could be not Registered** → to see if they are Voting.  

---

**Cards given:**  
- Registered  
- Observing  
- Unregistered  
- Voting  

---

**Step 1 – Check each card for relevance:**  

- **Registered**  
  This card shows “Registered.”  
  If someone is Registered, they could be Voting or not Voting — either way, the rule is not violated because the rule only says: if Voting → Registered.  
  Flipping this card tells us nothing about a violation, because the rule doesn’t require Registered people to be Voting.  
  → **No need to flip.**

- **Observing**  
  This card shows “Observing.”  
  Observing is not Voting, so the rule doesn’t apply to this person at all (rule is about Voting people).  
  → **No need to flip.**

- **Unregistered**  
  This card shows “Unregistered.”  
  If this person is Unregistered, we must check if they are Voting. If they are Voting, that’s a violation.  
  → **Must flip** to see if they are Voting.

- **Voting**  
  This card shows “Voting.”  
  If someone is Voting, we must check if they are Registered.  
  → **Must flip** to see if they are Registered.

---

**Step 2 – Conclusion:**  
We must flip **Voting** (to check for Registered) and **Unregistered** (to check for Voting).  

---

ANSWER: Voting, Unregistered","['Voting', 'Unregistered']","['P', 'not_Q']",CORRECT,81,414,0
6,T7,1,60043,"If a person is Voting, they must be Registered.","Rule: ""If a person is Voting, they must be Registered.""
Cards: ['Voting', 'Observing', 'Registered', 'Unregistered']

Which cards must you turn over?
Your answer:","['Voting', 'Observing', 'Registered', 'Unregistered']","Let’s break this down.  

The rule is:  
**If a person is Voting, they must be Registered.**  
In logical form:  
Voting → Registered  

This is equivalent to:  
If Voting, then Registered.  
Contrapositive: If not Registered, then not Voting.  

We need to check for violations of the rule.  
A violation occurs when:  
- Someone is Voting AND not Registered.  

So we must check:  
1. **Cards that could be Voting** → to see if they are Registered.  
2. **Cards that could be not Registered** → to see if they are Voting.  

---

**Cards given:**  
- Voting  
- Observing  
- Registered  
- Unregistered  

---

**Step 1 – Identify which cards to check for the antecedent (Voting):**  
Card “Voting” → must check the other side to ensure it is Registered.  
Card “Observing” → Observing is not Voting, so rule doesn’t apply to it directly (no need to check based on antecedent).  

**Step 2 – Identify which cards to check for the negation of consequent (not Registered):**  
Card “Unregistered” → must check the other side to ensure it is not Voting.  
Card “Registered” → Registered satisfies the consequent, so no need to check based on consequent.  

---

**Step 3 – Combine:**  
Must check:  
- Voting (to ensure Registered on other side)  
- Unregistered (to ensure not Voting on other side)  

Observing and Registered do not need to be turned over.  

---

ANSWER: Voting, Unregistered","['Voting', 'Unregistered']","['P', 'not_Q']",CORRECT,81,338,0
6,T7,2,60044,"If a person is Voting, they must be Registered.","Rule: ""If a person is Voting, they must be Registered.""
Cards: ['Unregistered', 'Voting', 'Observing', 'Registered']

Which cards must you turn over?
Your answer:","['Unregistered', 'Voting', 'Observing', 'Registered']","Let’s break this down.  

**Rule:** ""If a person is Voting, they must be Registered.""  
This is a conditional statement:  
- If Voting → Registered.  
- Contrapositive: If not Registered → not Voting.  

**Cards given:**  
1. **Unregistered** → This is ""not Registered"". According to the contrapositive, if someone is Unregistered, they must not be Voting. We need to check this card to make sure they are not Voting.  
2. **Voting** → This is the antecedent of the rule. We must check this card to ensure the person is Registered.  
3. **Observing** → Observing is not mentioned in the rule. The rule only connects Voting and Registered. Observing doesn’t violate anything regardless of what’s on the other side. No need to check.  
4. **Registered** → This is the consequent of the rule. The rule says: if Voting → Registered. But if someone is Registered, they could be Voting or not Voting; either way the rule isn’t violated. So no need to check.  

**Must turn over:**  
- **Unregistered** (to ensure they are not Voting)  
- **Voting** (to ensure they are Registered)  

ANSWER: Unregistered, Voting","['Unregistered', 'Voting']","['P', 'not_Q']",CORRECT,81,269,0
6,T7,3,60045,"If a person is Voting, they must be Registered.","Rule: ""If a person is Voting, they must be Registered.""
Cards: ['Observing', 'Unregistered', 'Registered', 'Voting']

Which cards must you turn over?
Your answer:","['Observing', 'Unregistered', 'Registered', 'Voting']","Let’s break this down.  

The rule is:  
**If a person is Voting, they must be Registered.**  
This is logically: **Voting → Registered** (if Voting, then Registered).  

To check violations, we need to find cases where **Voting is true but Registered is false**.  

We have four cards:  

1. **Observing** — This is not Voting, so the rule doesn’t apply (no need to check back side for Registered status).  
2. **Unregistered** — This means Registered is false. If the other side says “Voting,” that would violate the rule. So we must check this card.  
3. **Registered** — This means Registered is true. Even if the other side says “Voting,” that’s fine (Voting → Registered holds). If the other side says “Not Voting,” also fine. So no need to check.  
4. **Voting** — This means Voting is true. We must check the other side to ensure it says “Registered.” If it says “Unregistered,” that violates the rule. So we must check this card.  

Cards to turn over: **Voting** (to check if Registered) and **Unregistered** (to check if Voting).  

ANSWER: Voting, Unregistered","['Voting', 'Unregistered']","['P', 'not_Q']",CORRECT,81,269,0
6,T7,4,60046,"If a person is Voting, they must be Registered.","Rule: ""If a person is Voting, they must be Registered.""
Cards: ['Voting', 'Unregistered', 'Registered', 'Observing']

Which cards must you turn over?
Your answer:","['Voting', 'Unregistered', 'Registered', 'Observing']","Let’s break this down.  

The rule is:  
**If a person is Voting, they must be Registered.**  
This is logically: **Voting → Registered**  

In logical terms:  
- If Voting is true, then Registered must be true.  
- If Registered is false, then Voting must be false (contrapositive).  

We have four cards:  
1. **Voting**  
2. **Unregistered** (means not Registered)  
3. **Registered**  
4. **Observing** (irrelevant to the rule unless it implies Voting, but here it’s just another status)  

We need to check only cards that could violate the rule.  
For each card:  

- **Voting** side: We must check the other side to ensure it is **Registered**.  
  → Must turn over **Voting**.  

- **Unregistered** side: This means “not Registered.”  
  If the other side is **Voting**, that violates the rule (Voting → Registered would be false).  
  → Must turn over **Unregistered**.  

- **Registered** side: The rule doesn’t say “If Registered, then Voting” — it’s not bidirectional.  
  Someone could be Registered but not Voting, which is fine.  
  → No need to turn over **Registered**.  

- **Observing** side: Observing is not mentioned in the rule.  
  Even if the other side is Unregistered, that’s fine because the rule only applies if Voting.  
  → No need to turn over **Observing**.  

So the necessary cards to turn over are: **Voting** and **Unregistered**.  

ANSWER: Voting, Unregistered","['Voting', 'Unregistered']","['P', 'not_Q']",CORRECT,81,357,0
7,T8,0,70042,"If a nurse handles Blood, she must wear Gloves.","Rule: ""If a nurse handles Blood, she must wear Gloves.""
Cards: ['Bare Hands', 'Handles Blood', 'Gloves', 'Files Papers']

Which cards must you turn over?
Your answer:","['Bare Hands', 'Handles Blood', 'Gloves', 'Files Papers']","Let’s break this down.  

The rule is:  
> If a nurse handles Blood, she must wear Gloves.  

In logical form:  
- If **Handles Blood** → **must wear Gloves**.  

This is a conditional statement: **P → Q**, where:  
- P = Handles Blood  
- Q = Wears Gloves  

To check if the rule is being followed, we need to test for violations.  
A violation occurs when **P is true and Q is false** (i.e., Handles Blood but not wearing Gloves).  

So we must check:  
1. Any card that could be **P true** (Handles Blood) → must verify Q is true.  
2. Any card that could be **Q false** (not wearing Gloves) → must verify P is false.  

---

**Cards given:**  
- **Bare Hands** → This means **not wearing Gloves** (Q false).  
  - If Q false, we must check that P is false (not Handles Blood).  
  - So we must turn this card to see if on the other side it says “Handles Blood” (which would violate the rule).  

- **Handles Blood** → This is P true.  
  - If P true, we must check Q is true (wearing Gloves).  
  - So we must turn this card to see if on the other side it says “Gloves” or not.  

- **Gloves** → This is Q true.  
  - If Q true, the rule P → Q is automatically satisfied regardless of P.  
  - No need to turn (because even if P is true, Q is true, so no violation).  

- **Files Papers** → This is not P (not Handles Blood) and not necessarily Q.  
  - If P is false, rule is automatically satisfied regardless of Q.  
  - No need to turn.  

---

**Cards to turn over:**  
1. **Bare Hands** (to check if Handles Blood on other side)  
2. **Handles Blood** (to check if Gloves on other side)  

---

ANSWER: Bare Hands, Handles Blood","['Bare Hands', 'Handles Blood']","['P', 'not_Q']",CORRECT,85,463,0
7,T8,1,70043,"If a nurse handles Blood, she must wear Gloves.","Rule: ""If a nurse handles Blood, she must wear Gloves.""
Cards: ['Files Papers', 'Gloves', 'Bare Hands', 'Handles Blood']

Which cards must you turn over?
Your answer:","['Files Papers', 'Gloves', 'Bare Hands', 'Handles Blood']","Let’s break this down.  

The rule is:  
> If a nurse handles Blood, she must wear Gloves.  

In logical form:  
- **If** handles Blood → **then** wears Gloves.  
- Contrapositive: If not wearing Gloves → then not handling Blood.  

We need to check only cards that could violate the rule.  

Cards:  
1. **Files Papers** → Not necessarily handling Blood, and no info about Gloves.  
   - Does not test the ""if"" part (handles Blood), so no need to check unless we suspect a violation from the other direction? Actually, no — the rule doesn’t say anything about what happens if not handling Blood. So this card is irrelevant.  

2. **Gloves** → This is wearing Gloves.  
   - If someone wears Gloves, the rule doesn’t require them to not handle Blood. So no violation possible here.  

3. **Bare Hands** → This is **not wearing Gloves**.  
   - According to contrapositive: not wearing Gloves → must not be handling Blood.  
   - So we must check the other side of this card to ensure they are **not** handling Blood.  

4. **Handles Blood** → This triggers the ""if"" part of the rule.  
   - If handles Blood → must check that they are wearing Gloves.  

So the cards to turn over are:  
- **Bare Hands** (to ensure they are not handling Blood)  
- **Handles Blood** (to ensure they are wearing Gloves)  

ANSWER: Bare Hands, Handles Blood","['Bare Hands', 'Handles Blood']","['P', 'not_Q']",CORRECT,85,341,0
7,T8,2,70044,"If a nurse handles Blood, she must wear Gloves.","Rule: ""If a nurse handles Blood, she must wear Gloves.""
Cards: ['Gloves', 'Files Papers', 'Bare Hands', 'Handles Blood']

Which cards must you turn over?
Your answer:","['Gloves', 'Files Papers', 'Bare Hands', 'Handles Blood']","Let’s break this down.  

The rule is:  
> If a nurse handles Blood, she must wear Gloves.  

In logical terms:  
- Let \( P \) = ""nurse handles Blood""  
- Let \( Q \) = ""wear Gloves""  
- Rule: \( P \rightarrow Q \) (If P then Q)  

To check violations of \( P \rightarrow Q \), we need to find cases where \( P \) is true but \( Q \) is false.  
That means we must check:  
1. **Cards where \( P \) is true** (handles Blood) → must verify \( Q \) is true (wearing Gloves).  
2. **Cards where \( Q \) is false** (not wearing Gloves) → must verify \( P \) is false (not handling Blood).  

---

**Given cards:**  
- **Gloves** → This means ""wear Gloves"" (\( Q \) is true).  
  - \( Q \) true → no need to check for violation from this side (because \( P \rightarrow Q \) is not falsified when \( Q \) is true regardless of \( P \)).  
  - So **do not turn** this card.  

- **Files Papers** → Not mentioned in \( P \) or \( Q \) directly.  
  - ""Files Papers"" means neither ""handles Blood"" (\( P \) false) nor ""wear Gloves"" (\( Q \) unknown? Actually, card says ""Files Papers"" not ""Gloves"", so \( Q \) is false unless wearing Gloves is separate).  
  - But the card only describes activity, not what is worn. In the standard Wason selection task, each card shows one side (visible) and the other side (hidden) has the other property.  
  - Here, ""Files Papers"" is the visible side. Hidden side could be ""handles Blood"" or ""does not handle Blood"".  
  - If hidden side is ""handles Blood"" (\( P \) true), then \( Q \) must be true. But visible side is ""Files Papers"" — does that mean wearing Gloves? No, it doesn’t say. So \( Q \) could be false.  
  - Wait — careful: In this setup, each card has **two sides**: one side is an **activity** (handles Blood, Files Papers, Bare Hands, Gloves? Actually Gloves is not an activity, it's clothing).  
  - Let’s interpret: The four cards show:  
    1. Gloves (clothing)  
    2. Files Papers (activity)  
    3. Bare Hands (clothing)  
    4. Handles Blood (activity)  

  So each card has clothing on one side, activity on the other.  
  Rule: If activity = Handles Blood, then clothing = Gloves.  

  So we check each visible side:  

---

**Card 1: Gloves** (visible: clothing = Gloves)  
Hidden side: some activity.  
If hidden activity = Handles Blood → clothing is Gloves (OK).  
If hidden activity = Files Papers → no problem.  
So turning this card is unnecessary to check rule.  

---

**Card 2: Files Papers** (visible: activity = Files Papers)  
Hidden side: some clothing.  
If hidden clothing = Bare Hands → activity is Files Papers (OK, rule doesn’t care).  
If hidden clothing = Gloves → still OK.  
So no violation possible regardless of hidden side.  
So **do not turn** this card.  

---

**Card 3: Bare Hands** (visible: clothing = Bare Hands)  
Hidden side: some activity.  
If hidden activity = Handles Blood → clothing is Bare Hands → violates rule (should be Gloves).  
So **must turn** this card to check hidden activity.  

---

**Card 4: Handles Blood** (visible: activity = Handles Blood)  
Hidden side: some clothing.  
If hidden clothing = Bare Hands → violates rule.  
So **must turn** this card to check hidden clothing.  

---

**Summary of cards to turn:**  
- Bare Hands (to check if activity is Handles Blood)  
- Handles Blood (to check if clothing is Gloves)  

---

ANSWER: Bare Hands, Handles Blood","['Bare Hands', 'Handles Blood']","['P', 'not_Q']",CORRECT,85,898,0
7,T8,3,70045,"If a nurse handles Blood, she must wear Gloves.","Rule: ""If a nurse handles Blood, she must wear Gloves.""
Cards: ['Handles Blood', 'Bare Hands', 'Gloves', 'Files Papers']

Which cards must you turn over?
Your answer:","['Handles Blood', 'Bare Hands', 'Gloves', 'Files Papers']","Let’s break this down.  

The rule is:  
> If a nurse handles Blood, she must wear Gloves.  

In logical form:  
**If** Handles Blood → **then** Wear Gloves.  

Contrapositive:  
If not wearing Gloves → then not handling Blood.  

We need to check only cards that could violate the rule.  
The four cards are:  

1. **Handles Blood** → We must check the back to see if she is wearing Gloves. If she’s not wearing Gloves, rule is broken.  
2. **Bare Hands** → This means “not wearing Gloves.” From contrapositive: if not wearing Gloves, she must not be handling Blood. So we must check the back to see if she is handling Blood.  
3. **Gloves** → If she is wearing Gloves, the rule doesn’t force anything about handling Blood (handling Blood → Gloves, but Gloves doesn’t imply handling Blood). So no need to check this card for violation.  
4. **Files Papers** → This is unrelated to “handling Blood” in the rule’s antecedent, and not wearing Gloves isn’t indicated. The rule says nothing about filing papers, so no need to check.  

So we must turn over:  
- **Handles Blood** (to ensure Gloves on other side)  
- **Bare Hands** (to ensure not handling Blood on other side)  

ANSWER: Handles Blood, Bare Hands","['Handles Blood', 'Bare Hands']","['P', 'not_Q']",CORRECT,85,317,0
7,T8,4,70046,"If a nurse handles Blood, she must wear Gloves.","Rule: ""If a nurse handles Blood, she must wear Gloves.""
Cards: ['Bare Hands', 'Files Papers', 'Gloves', 'Handles Blood']

Which cards must you turn over?
Your answer:","['Bare Hands', 'Files Papers', 'Gloves', 'Handles Blood']","Let’s break this down.  

The rule is:  
> If a nurse handles Blood, she must wear Gloves.  

In logical form:  
- If **Handles Blood** → **must wear Gloves**.  

We are checking for violations of this rule.  
Violations happen if:  
1. **Handles Blood** is true, but **Gloves** is false.  
2. (The rule says nothing about what happens if she does not handle Blood, so those cases don’t violate it.)  

We have four cards:  

1. **Bare Hands** → This means *not wearing Gloves*.  
   - If this person is handling Blood, that violates the rule.  
   - We need to check the other side to see if it says “Handles Blood.”  
   - So **Bare Hands** must be turned over.  

2. **Files Papers** → This is unrelated to handling Blood.  
   - The rule only cares about people handling Blood.  
   - If someone files papers, they could be wearing Gloves or not — no violation, because the rule’s condition (“Handles Blood”) is false.  
   - So **Files Papers** does **not** need to be turned over.  

3. **Gloves** → This means wearing Gloves.  
   - If someone wears Gloves, they could be handling Blood (allowed) or not handling Blood (also fine).  
   - No violation possible here, because the rule only requires Gloves when handling Blood; it doesn’t forbid Gloves otherwise.  
   - So **Gloves** does **not** need to be turned over.  

4. **Handles Blood** → This is the condition of the rule.  
   - If someone handles Blood, we must check they are wearing Gloves.  
   - So **Handles Blood** must be turned over.  

**Cards to turn over:** Bare Hands, Handles Blood.  

ANSWER: Bare Hands, Handles Blood","['Bare Hands', 'Handles Blood']","['P', 'not_Q']",CORRECT,85,416,0
8,T9,0,80042,"If a traveler enters the Country, they must have a Visa.","Rule: ""If a traveler enters the Country, they must have a Visa.""
Cards: ['Has Visa', 'Leaving', 'Entering', 'No Visa']

Which cards must you turn over?
Your answer:","['Has Visa', 'Leaving', 'Entering', 'No Visa']","Let’s break this down.  

The rule is:  
**If a traveler enters the Country, they must have a Visa.**  
This can be written logically as:  
If **Entering** → **Has Visa**.  

In logical terms:  
- **Entering** is P  
- **Has Visa** is Q  
Rule: P → Q  

To check if the rule is being followed, we need to test for violations.  
A violation occurs when **P is true and Q is false** (i.e., someone is entering but does not have a Visa).  

We have four cards:  

1. **Has Visa** (Q is true)  
2. **Leaving** (not P)  
3. **Entering** (P is true)  
4. **No Visa** (Q is false)  

We must turn over only the cards that could possibly show a violation:  

- **Has Visa** (Q true): Flipping this tells us Q is true, but we need to check cases where P is true and Q is false. If Q is true, no violation regardless of P. So we don’t need to flip this.  
- **Leaving** (not P): If P is false, the rule “If P then Q” is not violated regardless of Q. So no need to flip.  
- **Entering** (P true): Must check Q. If Q is false when P is true, that’s a violation. So we must flip this.  
- **No Visa** (Q false): Must check P. If P is true when Q is false, that’s a violation. So we must flip this.  

Thus, the cards to turn over are **Entering** and **No Visa**.  

ANSWER: Entering, No Visa","['Entering', 'No Visa']","['P', 'not_Q']",CORRECT,84,374,0
8,T9,1,80043,"If a traveler enters the Country, they must have a Visa.","Rule: ""If a traveler enters the Country, they must have a Visa.""
Cards: ['Leaving', 'Entering', 'Has Visa', 'No Visa']

Which cards must you turn over?
Your answer:","['Leaving', 'Entering', 'Has Visa', 'No Visa']","Let’s break this down.  

The rule is:  
> If a traveler enters the Country, they must have a Visa.  

In logical form:  
If **Entering** → **Must have Visa**.  
Contrapositive: If **No Visa** → **Not Entering**.  

We have four cards:  
1. **Leaving**  
2. **Entering**  
3. **Has Visa**  
4. **No Visa**  

We need to check only the cards that could violate the rule.  

---

**Step 1 – Identify antecedent and consequent**  
- Antecedent: “Entering the Country”  
- Consequent: “Has a Visa”  

**Step 2 – Which cards to turn to test the rule?**  
We check:  
1. Cards where the **antecedent is true** (Entering) → must check if consequent is true (Has Visa).  
   - Card “Entering” → turn to see if other side is “Has Visa” (if not, rule broken).  

2. Cards where the **consequent is false** (No Visa) → must check if antecedent is false (not Entering).  
   - Card “No Visa” → turn to see if other side is “Entering” (if yes, rule broken).  

**Step 3 – Check other cards**  
- “Leaving”: antecedent is false (not Entering) → rule doesn’t apply, no need to check.  
- “Has Visa”: consequent is true → rule’s “if” part may be false, but rule not violated regardless of other side.  

---

**Step 4 – Conclusion**  
Must turn over: **Entering** (to check for Visa) and **No Visa** (to check for not Entering).  

ANSWER: Entering, No Visa","['Entering', 'No Visa']","['P', 'not_Q']",CORRECT,84,382,0
8,T9,2,80044,"If a traveler enters the Country, they must have a Visa.","Rule: ""If a traveler enters the Country, they must have a Visa.""
Cards: ['Entering', 'No Visa', 'Leaving', 'Has Visa']

Which cards must you turn over?
Your answer:","['Entering', 'No Visa', 'Leaving', 'Has Visa']","Let’s break this down.  

The rule is:  
**If a traveler enters the Country, they must have a Visa.**  
This can be written logically as:  
If **Entering** → **Must have Visa**.  

In logical terms:  
Let \( P \) = ""Entering the Country""  
Let \( Q \) = ""Has a Visa""  

Rule: \( P \rightarrow Q \)  

To check violations of this rule, we need to find cases where \( P \) is true but \( Q \) is false.  
That means we must check:  
1. Cards where \( P \) is true (Entering) → must verify \( Q \) is true (Has Visa).  
2. Cards where \( Q \) is false (No Visa) → must verify \( P \) is false (not Entering).  

---

**Cards given:**  
- **Entering** → \( P \) is true → must check if Has Visa.  
- **No Visa** → \( Q \) is false → must check if not Entering.  
- **Leaving** → \( P \) is false → no need to check (rule only applies if entering).  
- **Has Visa** → \( Q \) is true → no need to check (rule doesn’t require non-entering people to have no visa).  

---

**Must turn over:**  
1. **Entering** (to see if it has Visa on back — if not, rule broken)  
2. **No Visa** (to see if it says Entering on back — if yes, rule broken)  

Leaving and Has Visa don’t test the conditional for violations.  

---

ANSWER: Entering, No Visa","['Entering', 'No Visa']","['P', 'not_Q']",CORRECT,84,350,0
8,T9,3,80045,"If a traveler enters the Country, they must have a Visa.","Rule: ""If a traveler enters the Country, they must have a Visa.""
Cards: ['Entering', 'Leaving', 'Has Visa', 'No Visa']

Which cards must you turn over?
Your answer:","['Entering', 'Leaving', 'Has Visa', 'No Visa']","Let’s break this down.  

The rule is:  
> If a traveler enters the Country, they must have a Visa.  

In logical form:  
If **Entering** → **Must have Visa**.  

This is equivalent to:  
If **Entering** → **Has Visa**.  

Contrapositive:  
If **No Visa** → **Not Entering**.  

We need to check for violations.  
Violations happen when:  
1. Someone is **Entering** but does **not** have a Visa.  
2. (Alternatively, someone has **No Visa** but is **Entering** — same thing.)  

We have four cards:  
- **Entering**  
- **Leaving**  
- **Has Visa**  
- **No Visa**  

We must turn over only those cards necessary to check for violations.  

---

**Step 1 – Identify relevant cards for antecedent (Entering)**  
- Card “Entering”: We check if on the other side it says “No Visa” → that would violate the rule. So we must turn “Entering”.  

**Step 2 – Identify relevant cards for contrapositive (No Visa)**  
- Card “No Visa”: We check if on the other side it says “Entering” → that would violate the rule. So we must turn “No Visa”.  

**Step 3 – Irrelevant cards**  
- Card “Leaving”: The rule says nothing about leaving. Whether they have Visa or not when leaving doesn’t matter to this rule. So no need to turn.  
- Card “Has Visa”: If someone has Visa, they could be entering or leaving — both are fine under the rule. The rule doesn’t require that if they have Visa they must be entering. So no need to turn.  

---

**Step 4 – Conclusion**  
Must turn over: **Entering** and **No Visa**.  

---

ANSWER: Entering, No Visa","['Entering', 'No Visa']","['P', 'not_Q']",CORRECT,84,405,0
8,T9,4,80046,"If a traveler enters the Country, they must have a Visa.","Rule: ""If a traveler enters the Country, they must have a Visa.""
Cards: ['No Visa', 'Entering', 'Has Visa', 'Leaving']

Which cards must you turn over?
Your answer:","['No Visa', 'Entering', 'Has Visa', 'Leaving']","Let’s break this down.  

The rule is:  
**If a traveler enters the Country, they must have a Visa.**  

This is a conditional statement:  
If **Entering** → then **must have Visa**.  

In logical terms:  
Let \( P \) = ""Entering the Country""  
Let \( Q \) = ""Has a Visa""  

Rule: \( P \rightarrow Q \)  

To check violations, we need to find cases where \( P \) is true and \( Q \) is false.  
So we must check:  
1. Cards where \( P \) is true (Entering) → verify \( Q \) is true (Has Visa).  
2. Cards where \( Q \) is false (No Visa) → verify \( P \) is false (not Entering).  

---

**Cards given:**  
- **No Visa** → \( Q \) is false → must check that \( P \) is false (not Entering).  
- **Entering** → \( P \) is true → must check that \( Q \) is true (Has Visa).  
- **Has Visa** → \( Q \) is true → no need to check \( P \) (because if \( Q \) is true, the rule \( P \rightarrow Q \) is automatically satisfied regardless of \( P \)).  
- **Leaving** → \( P \) is false → no need to check \( Q \) (because if \( P \) is false, \( P \rightarrow Q \) is automatically true).  

---

**Cards to turn over:**  
1. **Entering** (to see if they have Visa)  
2. **No Visa** (to see if they are Entering)  

---

ANSWER: Entering, No Visa","['Entering', 'No Visa']","['P', 'not_Q']",CORRECT,84,354,0
9,T10,0,90042,"If a child plays Video Games, they must finish Homework.","Rule: ""If a child plays Video Games, they must finish Homework.""
Cards: ['Playing Games', 'Reading Book', 'Homework Incomplete', 'Homework Done']

Which cards must you turn over?
Your answer:","['Playing Games', 'Reading Book', 'Homework Incomplete', 'Homework Done']","Let’s break this down.  

**Rule:**  
""If a child plays Video Games, they must finish Homework.""  
This is a conditional statement:  
- If **plays Video Games** → then **finish Homework**.  
- In logic terms: **P → Q**, where:  
  P = plays Video Games  
  Q = Homework Done (Homework finished)  

**Cards given:**  
1. Playing Games → This is **P** (plays Video Games)  
2. Reading Book → This is **not P** (irrelevant to antecedent)  
3. Homework Incomplete → This is **not Q** (Homework not finished)  
4. Homework Done → This is **Q** (Homework finished)  

**Checking for violations:**  
A violation occurs when **P is true** and **Q is false**.  
So we must check:  
- Any card where **P is true** (to see if Q is false on the other side) → Card 1: ""Playing Games""  
- Any card where **Q is false** (to see if P is true on the other side) → Card 3: ""Homework Incomplete""  

Cards we don’t need to check:  
- ""Reading Book"" (not P) → even if Homework is incomplete, rule is not broken because rule only applies if they play Video Games.  
- ""Homework Done"" (Q is true) → no violation regardless of what’s on the other side.  

**Therefore, must turn over:**  
Playing Games, Homework Incomplete  

ANSWER: Playing Games, Homework Incomplete","['Playing Games', 'Homework Incomplete']","['P', 'not_Q']",CORRECT,84,329,0
9,T10,1,90043,"If a child plays Video Games, they must finish Homework.","Rule: ""If a child plays Video Games, they must finish Homework.""
Cards: ['Homework Done', 'Playing Games', 'Homework Incomplete', 'Reading Book']

Which cards must you turn over?
Your answer:","['Homework Done', 'Playing Games', 'Homework Incomplete', 'Reading Book']","Let’s break this down step by step.  

**Step 1: Understanding the rule**  
The rule is:  
> If a child plays Video Games, they must finish Homework.  

In logical terms:  
If **plays Video Games** (P), then **finish Homework** (Q).  
That is: P → Q.  

**Step 2: What needs to be checked**  
To verify whether the rule is being followed, we need to check:  
1. **Cards where P is true** (plays Video Games) — must check that Q is true (Homework Done).  
2. **Cards where Q is false** (Homework not finished) — must check that P is false (not playing Video Games).  

**Step 3: Matching cards to logical conditions**  
Given cards:  
- 'Homework Done' → This is **Q true**.  
- 'Playing Games' → This is **P true**.  
- 'Homework Incomplete' → This is **Q false**.  
- 'Reading Book' → This is **neither P nor Q** (irrelevant to the rule unless it implies P, but it doesn’t).  

**Step 4: Which to turn over**  
- **Playing Games (P true)**: Must check that Homework is done (Q true).  
- **Homework Incomplete (Q false)**: Must check that child is not playing Video Games (P false).  
- **Homework Done (Q true)**: No need to check — rule says nothing about when homework is done.  
- **Reading Book**: No need to check — rule only concerns playing Video Games and homework.  

**Step 5: Conclusion**  
Must turn over: **Playing Games** and **Homework Incomplete**.  

ANSWER: Playing Games, Homework Incomplete","['Playing Games', 'Homework Incomplete']","['P', 'not_Q']",CORRECT,84,373,0
9,T10,2,90044,"If a child plays Video Games, they must finish Homework.","Rule: ""If a child plays Video Games, they must finish Homework.""
Cards: ['Playing Games', 'Homework Incomplete', 'Reading Book', 'Homework Done']

Which cards must you turn over?
Your answer:","['Playing Games', 'Homework Incomplete', 'Reading Book', 'Homework Done']","Let’s break this down.  

**Step 1 – Understanding the rule**  
The rule says:  
> If a child plays Video Games, they must finish Homework.  

In logical form:  
If **plays Video Games** → **must finish Homework**.  
That is: **P → Q**, where:  
P = plays Video Games  
Q = Homework is done (finished).  

**Step 2 – Identifying the contrapositive**  
The rule is logically equivalent to:  
If **Homework is not done** → **they are not playing Video Games**.  
¬Q → ¬P.  

**Step 3 – Cards given**  
Cards:  
1. Playing Games → This is **P** (plays Video Games).  
2. Homework Incomplete → This is **¬Q** (Homework not done).  
3. Reading Book → This is unrelated to P or Q (not playing Video Games).  
4. Homework Done → This is **Q** (Homework done).  

**Step 4 – Which cards to check to test the rule**  
To test **P → Q**, we check:  
- **Cards where P is true** (must verify Q is true) → Check card 1 (“Playing Games”).  
- **Cards where Q is false** (must verify P is false) → Check card 2 (“Homework Incomplete”).  

Cards where Q is true (Homework Done) → no violation possible regardless of P.  
Cards where P is false (not playing Video Games) → rule says nothing about them.  

So irrelevant:  
- “Reading Book” → P is false, so rule doesn’t apply.  
- “Homework Done” → Q is true, so rule’s consequent is satisfied regardless of P.  

**Step 5 – Conclusion**  
Must turn over:  
1. Playing Games (to check if Homework Done on other side)  
2. Homework Incomplete (to check if Playing Games on other side)  

ANSWER: Playing Games, Homework Incomplete","['Playing Games', 'Homework Incomplete']","['P', 'not_Q']",CORRECT,84,415,0
9,T10,3,90045,"If a child plays Video Games, they must finish Homework.","Rule: ""If a child plays Video Games, they must finish Homework.""
Cards: ['Playing Games', 'Reading Book', 'Homework Done', 'Homework Incomplete']

Which cards must you turn over?
Your answer:","['Playing Games', 'Reading Book', 'Homework Done', 'Homework Incomplete']","Let’s break this down.  

The rule is:  
> If a child plays Video Games, they must finish Homework.  

In logical terms:  
- **If P (plays Video Games), then Q (Homework Done).**  
- Contrapositive: If not Q (Homework not done), then not P (not playing Video Games).  

We need to check cards to see if the rule is violated.  
A violation would be: **P true and Q false** (playing games but homework not done).  

Cards given:  
1. **Playing Games** → This is P (antecedent true). We must check if Q is true for this case. If Q is false, rule broken. So we must turn this card.  
2. **Reading Book** → This is not P (not playing video games). Rule says nothing about this case, so no need to check.  
3. **Homework Done** → This is Q true. Could have P true or P false; either way rule is not broken (if P true, Q true is fine). So no need to turn.  
4. **Homework Incomplete** → This is not Q. If the child with this card is playing games (P true), rule is broken. So we must turn to check if P is true.  

So cards to turn:  
- Playing Games (to check homework status)  
- Homework Incomplete (to check if playing games)  

ANSWER: Playing Games, Homework Incomplete","['Playing Games', 'Homework Incomplete']","['P', 'not_Q']",CORRECT,84,305,0
9,T10,4,90046,"If a child plays Video Games, they must finish Homework.","Rule: ""If a child plays Video Games, they must finish Homework.""
Cards: ['Reading Book', 'Playing Games', 'Homework Done', 'Homework Incomplete']

Which cards must you turn over?
Your answer:","['Reading Book', 'Playing Games', 'Homework Done', 'Homework Incomplete']","Let’s break this down.  

**Step 1: Understanding the rule**  
The rule is:  
> If a child plays Video Games, they must finish Homework.  

In logical terms:  
- Let \( P \) = ""child plays Video Games""  
- Let \( Q \) = ""child finishes Homework""  

Rule: \( P \rightarrow Q \) (If P, then Q).  

**Step 2: Identifying what each card represents**  
Cards given:  
1. **Reading Book** → This means *not playing Video Games* (since it’s a different activity).  
   - In logic: \( \neg P \)  
2. **Playing Games** → This means *playing Video Games*.  
   - In logic: \( P \)  
3. **Homework Done** → This means *finished Homework*.  
   - In logic: \( Q \)  
4. **Homework Incomplete** → This means *did not finish Homework*.  
   - In logic: \( \neg Q \)  

**Step 3: Applying the logical rule to decide which cards to turn over**  
For a conditional \( P \rightarrow Q \), the only way it can be violated is if \( P \) is true and \( Q \) is false.  
So we must check:  
- Cases where \( P \) is true (to make sure \( Q \) is true) → **Turn over ""Playing Games""**  
- Cases where \( Q \) is false (to make sure \( P \) is false) → **Turn over ""Homework Incomplete""**  

**Step 4: Checking other cards**  
- **Reading Book** (\( \neg P \)): If the child is not playing Video Games, the rule says nothing about homework, so no need to check.  
- **Homework Done** (\( Q \)): If homework is done, the rule is satisfied regardless of whether they played games, so no need to check.  

**Step 5: Conclusion**  
Must turn over: **Playing Games** and **Homework Incomplete**.  

ANSWER: Playing Games, Homework Incomplete","['Playing Games', 'Homework Incomplete']","['P', 'not_Q']",CORRECT,84,433,0
10,T11,0,100042,"If you park in the Handicap Spot, you must have a Permit.","Rule: ""If you park in the Handicap Spot, you must have a Permit.""
Cards: ['No Permit', 'Regular Spot', 'Has Permit', 'Handicap Spot']

Which cards must you turn over?
Your answer:","['No Permit', 'Regular Spot', 'Has Permit', 'Handicap Spot']","Let’s break this down.  

The rule is:  
**If you park in the Handicap Spot, you must have a Permit.**  

In logical form:  
If **P** (park in Handicap Spot), then **Q** (have a Permit).  

We need to check for violations of this rule.  
A violation occurs when **P is true and Q is false** (i.e., Handicap Spot but No Permit).  

So we must check:  
1. **Cards where P is true** (Handicap Spot) — to make sure they have a Permit.  
2. **Cards where Q is false** (No Permit) — to make sure they are not in Handicap Spot.  

We don’t need to check cards where P is false (not in Handicap Spot) or where Q is true (has Permit) because those don’t violate the rule.  

---

Given cards:  

- **No Permit** → Q is false → must check if P is true (Handicap Spot).  
- **Regular Spot** → P is false → no need to check.  
- **Has Permit** → Q is true → no need to check.  
- **Handicap Spot** → P is true → must check if Q is true (Permit).  

---

Cards to turn over:  
1. **No Permit**  
2. **Handicap Spot**  

---

ANSWER: No Permit, Handicap Spot","['No Permit', 'Handicap Spot']","['P', 'not_Q']",CORRECT,89,308,0
10,T11,1,100043,"If you park in the Handicap Spot, you must have a Permit.","Rule: ""If you park in the Handicap Spot, you must have a Permit.""
Cards: ['Has Permit', 'Regular Spot', 'Handicap Spot', 'No Permit']

Which cards must you turn over?
Your answer:","['Has Permit', 'Regular Spot', 'Handicap Spot', 'No Permit']","Let’s break this down.  

The rule is:  
**If you park in the Handicap Spot, you must have a Permit.**  

This is a conditional statement of the form:  
If **P** (park in Handicap Spot), then **Q** (have a Permit).  

In logic, to check if the rule is being violated, we need to look for cases where **P is true but Q is false**.  
That means we only need to check:  
1. Cards where **P is true** (Handicap Spot) — to make sure they have a Permit.  
2. Cards where **Q is false** (No Permit) — to make sure they are not in Handicap Spot.  

Cards given:  
- **Has Permit** → Q is true → no need to check (rule only cares about Q false).  
- **Regular Spot** → P is false → irrelevant to violation (if not in Handicap Spot, rule doesn’t apply).  
- **Handicap Spot** → P is true → must check that Q is true (Permit).  
- **No Permit** → Q is false → must check that P is false (not in Handicap Spot).  

So we must turn over: **Handicap Spot** and **No Permit**.  

ANSWER: Handicap Spot, No Permit","['Handicap Spot', 'No Permit']","['P', 'not_Q']",CORRECT,89,284,0
10,T11,2,100044,"If you park in the Handicap Spot, you must have a Permit.","Rule: ""If you park in the Handicap Spot, you must have a Permit.""
Cards: ['Regular Spot', 'No Permit', 'Handicap Spot', 'Has Permit']

Which cards must you turn over?
Your answer:","['Regular Spot', 'No Permit', 'Handicap Spot', 'Has Permit']","Let’s break this down.  

The rule is:  
**If you park in the Handicap Spot, you must have a Permit.**  

This is a conditional statement:  
If **P** (park in Handicap Spot), then **Q** (have a Permit).  

In logic terms: **P → Q**  

To check if the rule is being violated, we look for:  
1. **P true and Q false** (someone parked in Handicap Spot without a Permit).  

So we must check:  
- Cards where **P is true** (Handicap Spot) → must verify Q (Permit).  
- Cards where **Q is false** (No Permit) → must verify P (Handicap Spot or not).  

We don’t need to check cards where P is false (not in Handicap Spot) or Q is true (has Permit), because those don’t violate the rule.  

---

**Cards given:**  

1. **Regular Spot** → P is false → no need to check.  
2. **No Permit** → Q is false → must check if P is true (Handicap Spot).  
3. **Handicap Spot** → P is true → must check if Q is true (Permit).  
4. **Has Permit** → Q is true → no need to check (even if P is true, rule is satisfied).  

---

**Must turn over:**  
- Handicap Spot (to see if Has Permit)  
- No Permit (to see if parked in Handicap Spot)  

---

ANSWER: Handicap Spot, No Permit","['Handicap Spot', 'No Permit']","['P', 'not_Q']",CORRECT,89,342,0
10,T11,3,100045,"If you park in the Handicap Spot, you must have a Permit.","Rule: ""If you park in the Handicap Spot, you must have a Permit.""
Cards: ['No Permit', 'Handicap Spot', 'Has Permit', 'Regular Spot']

Which cards must you turn over?
Your answer:","['No Permit', 'Handicap Spot', 'Has Permit', 'Regular Spot']","Let’s break this down.  

The rule is:  
**If you park in the Handicap Spot, you must have a Permit.**  

In logical form:  
If **P** (park in Handicap Spot), then **Q** (have a Permit).  

To test violations, we check:  
1. **P true and Q false** → that’s a violation.  
2. Other cases (not-P, or Q true) don’t violate the rule.  

---

**Cards:**  
- **No Permit** → This is **not-Q** (does not have a permit).  
   We need to check if **P** is true (parked in Handicap Spot). If someone with “No Permit” parked in Handicap Spot, that violates the rule. So we must turn this card to see if they parked in Handicap Spot.  

- **Handicap Spot** → This is **P** (parked in Handicap Spot).  
   We need to check if **Q** is true (has a permit). If they don’t have a permit, that violates the rule. So we must turn this card to see if they have a permit.  

- **Has Permit** → This is **Q** (has a permit).  
   Even if they parked in Handicap Spot, that’s fine (P true, Q true). If they didn’t park in Handicap Spot, also fine. No possible violation from this card alone, so no need to turn.  

- **Regular Spot** → This is **not-P** (did not park in Handicap Spot).  
   Rule doesn’t apply (no requirement for permit if not in Handicap Spot). So no need to turn.  

---

**Must turn:**  
- **Handicap Spot** (to check if they have a permit)  
- **No Permit** (to check if they parked in Handicap Spot)  

---

ANSWER: Handicap Spot, No Permit","['Handicap Spot', 'No Permit']","['P', 'not_Q']",CORRECT,89,423,0
10,T11,4,100046,"If you park in the Handicap Spot, you must have a Permit.","Rule: ""If you park in the Handicap Spot, you must have a Permit.""
Cards: ['Has Permit', 'No Permit', 'Regular Spot', 'Handicap Spot']

Which cards must you turn over?
Your answer:","['Has Permit', 'No Permit', 'Regular Spot', 'Handicap Spot']","Let’s break this down.  

The rule is:  
**If you park in the Handicap Spot, you must have a Permit.**  

This is a conditional statement of the form:  
If **P** (park in Handicap Spot), then **Q** (have a Permit).  

In logical terms:  
P → Q  

To check violations of this rule, we need to find cases where **P is true but Q is false**.  
That means we must check:  
1. **P true** (Handicap Spot) → verify Q is true (Permit).  
2. **Q false** (No Permit) → verify P is false (not in Handicap Spot).  

---

**Cards given:**  
- Has Permit → Q true  
- No Permit → Q false  
- Regular Spot → P false  
- Handicap Spot → P true  

---

**Which cards must be turned over to test the rule?**  

1. **Handicap Spot (P true)** → Must check if Has Permit (Q true). If not, rule broken.  
2. **No Permit (Q false)** → Must check if parked in Handicap Spot (P true). If yes, rule broken.  

Other cards:  
- **Has Permit (Q true)** → Even if turned over, P could be true or false; rule not broken if Q true regardless of P. So not necessary.  
- **Regular Spot (P false)** → If P false, rule is not violated regardless of Q. So not necessary.  

---

**Must turn over:** Handicap Spot, No Permit.  

ANSWER: Handicap Spot, No Permit","['Handicap Spot', 'No Permit']","['P', 'not_Q']",CORRECT,89,348,0
11,T12,0,110042,"If an item is imported, then Tax must be paid.","Rule: ""If an item is imported, then Tax must be paid.""
Cards: ['Local', 'Tax Paid', 'No Tax', 'Imported']

Which cards must you turn over?
Your answer:","['Local', 'Tax Paid', 'No Tax', 'Imported']","Let’s break this down step by step.  

**Rule:** ""If an item is imported, then Tax must be paid.""  
This is a conditional statement:  
- If **imported** → **Tax must be paid**.  
- Logically: **Imported → Tax Paid**  

**Contrapositive:** If Tax is **not paid** → item is **not imported**.  

---

**Cards given:**  
1. **Local** → This means ""not imported"".  
   - Rule says nothing about non-imported items (they may or may not have tax paid).  
   - No need to check this card for rule violation.  

2. **Tax Paid** → This satisfies the consequent.  
   - Rule doesn’t require that if tax is paid, item must be imported (could be local and tax paid for other reasons).  
   - No need to check this card for rule violation.  

3. **No Tax** → This is ""Tax not paid"".  
   - Contrapositive: If tax not paid → item must not be imported.  
   - Must check this card to ensure the item is **not imported**.  

4. **Imported** → This is the antecedent.  
   - Must check this card to ensure **Tax is paid**.  

---

**Cards to turn over:**  
- **Imported** (to check if tax is paid)  
- **No Tax** (to check if it’s imported — if it is imported, rule is violated)  

---

ANSWER: Imported, No Tax","['Imported', 'No Tax']","['P', 'not_Q']",CORRECT,82,320,0
11,T12,1,110043,"If an item is imported, then Tax must be paid.","Rule: ""If an item is imported, then Tax must be paid.""
Cards: ['Tax Paid', 'No Tax', 'Local', 'Imported']

Which cards must you turn over?
Your answer:","['Tax Paid', 'No Tax', 'Local', 'Imported']","Let’s break this down.  

**Rule:** ""If an item is imported, then Tax must be paid.""  
This is a conditional statement:  
- If **imported** → **Tax paid**  
- Logically: **Imported → Tax paid**  
Contrapositive: **Not Tax paid → Not imported**  

We need to check cards for violations.  
Violations happen if:  
1. **Imported** but **Tax not paid** (checks the ""if"" part true, ""then"" part false)  
2. (Contrapositive check) **Tax not paid** but **Imported** — actually same as above.  

---

**Cards given:**  
1. **Tax Paid** → This is the ""then"" part being true.  
   - If ""Tax Paid"" is true, the rule could still be satisfied even if item is imported or not imported.  
   - No violation possible from seeing this side alone.  
   - So we don’t need to turn it over.  

2. **No Tax** → This is ""Tax not paid"".  
   - If ""No Tax"", then item must **not** be imported (contrapositive).  
   - We must check the other side to ensure it’s not ""Imported"".  
   - **Must turn over**.  

3. **Local** → This means ""not imported"".  
   - If ""Local"", the ""if"" part is false, so rule is automatically true (no violation regardless of tax status).  
   - So we don’t need to turn it over.  

4. **Imported** → This means the ""if"" part is true.  
   - Then we must check that tax is paid.  
   - **Must turn over**.  

---

**Must turn over:** ""No Tax"" and ""Imported"".  

ANSWER: No Tax, Imported","['No Tax', 'Imported']","['P', 'not_Q']",CORRECT,82,393,0
11,T12,2,110044,"If an item is imported, then Tax must be paid.","Rule: ""If an item is imported, then Tax must be paid.""
Cards: ['No Tax', 'Tax Paid', 'Imported', 'Local']

Which cards must you turn over?
Your answer:","['No Tax', 'Tax Paid', 'Imported', 'Local']","Let’s break this down.  

The rule is:  
**If an item is imported, then Tax must be paid.**  

In logical form:  
If **Imported** → **Tax Paid**  

Contrapositive:  
If **not Tax Paid** → **not Imported**  

We have four cards:  

1. **No Tax** → This means Tax is **not** paid.  
   From contrapositive: If Tax is not paid, then it must not be imported.  
   We must check the other side to ensure it is **not Imported**.  
   So we must turn this card.  

2. **Tax Paid** → This satisfies the consequent (Tax Paid).  
   The rule says nothing about what happens if Tax is Paid (could be imported or not imported).  
   So no need to check this card.  

3. **Imported** → This satisfies the antecedent (Imported).  
   The rule says if Imported, then Tax Paid.  
   We must check the other side to ensure Tax is indeed Paid.  
   So we must turn this card.  

4. **Local** → This means **not Imported**.  
   The rule only applies if Imported; if not Imported, the rule doesn’t require anything about Tax.  
   So no need to check this card.  

**Cards to turn over:** No Tax, Imported.  

ANSWER: No Tax, Imported","['No Tax', 'Imported']","['P', 'not_Q']",CORRECT,82,299,0
11,T12,3,110045,"If an item is imported, then Tax must be paid.","Rule: ""If an item is imported, then Tax must be paid.""
Cards: ['Imported', 'Tax Paid', 'No Tax', 'Local']

Which cards must you turn over?
Your answer:","['Imported', 'Tax Paid', 'No Tax', 'Local']","Let’s break this down.  

The rule is:  
**If an item is imported, then Tax must be paid.**  
This is a conditional statement:  
If **P** (imported), then **Q** (tax paid).  

In logical terms:  
P → Q  

To check if the rule is being followed, we need to test for violations.  
A violation occurs when **P is true and Q is false** (imported but tax not paid).  

So we must check:  
1. **Cards where P is true** (Imported) → must verify Q is true (tax paid).  
2. **Cards where Q is false** (No Tax) → must verify P is false (not imported).  

Cards given:  
- **Imported** → P true → must check other side for tax paid.  
- **Tax Paid** → Q true → no need to check (if Q true, rule is satisfied regardless of P).  
- **No Tax** → Q false → must check other side for not imported.  
- **Local** → P false → no need to check (if P false, rule is automatically satisfied regardless of Q).  

So necessary cards to turn over: **Imported** and **No Tax**.  

ANSWER: Imported, No Tax","['Imported', 'No Tax']","['P', 'not_Q']",CORRECT,82,269,0
11,T12,4,110046,"If an item is imported, then Tax must be paid.","Rule: ""If an item is imported, then Tax must be paid.""
Cards: ['Imported', 'Local', 'No Tax', 'Tax Paid']

Which cards must you turn over?
Your answer:","['Imported', 'Local', 'No Tax', 'Tax Paid']","Let’s break this down.  

The rule is:  
**If an item is imported, then Tax must be paid.**  

In logic terms:  
If **Imported** → **Tax Paid**  

We have four cards:  
1. **Imported**  
2. **Local**  
3. **No Tax**  
4. **Tax Paid**  

We need to check only the cards that could violate the rule.  
A conditional statement ""If P then Q"" is violated only when **P is true and Q is false**.  

So we check:  
- **Imported (P true)** → Must check back for Q (Tax Paid). If the other side says ""No Tax"", rule is broken. So we must turn **Imported**.  
- **Local (P false)** → If P is false, the rule is not violated regardless of Q. So no need to turn Local.  
- **No Tax (Q false)** → If Q is false, we must check if P is true on the other side. If the other side says ""Imported"", rule is broken. So we must turn **No Tax**.  
- **Tax Paid (Q true)** → If Q is true, rule is satisfied regardless of P. So no need to turn Tax Paid.  

Thus, we must turn: **Imported** and **No Tax**.  

ANSWER: Imported, No Tax","['Imported', 'No Tax']","['P', 'not_Q']",CORRECT,82,289,0
12,T13,0,120042,"If you access the Server Room, you need a Security Badge.","Rule: ""If you access the Server Room, you need a Security Badge.""
Cards: ['No Badge', 'Server Room', 'Lobby', 'Has Badge']

Which cards must you turn over?
Your answer:","['No Badge', 'Server Room', 'Lobby', 'Has Badge']","Let’s break this down.  

The rule is:  
> If you access the Server Room, you need a Security Badge.  

In logical terms:  
- If **access Server Room** → **must have Security Badge**.  
- Contrapositive: If **do not have Security Badge** → **cannot access Server Room**.  

We have four cards:  

1. **No Badge** (means: does not have a badge)  
2. **Server Room** (means: accessed Server Room)  
3. **Lobby** (means: accessed Lobby — not mentioned in rule)  
4. **Has Badge** (means: has a badge)  

We need to check only cards that could violate the rule.  

---

**Step 1 – Identify antecedent and consequent**  
Antecedent: Access Server Room  
Consequent: Has Security Badge  

**Step 2 – Check each card for possible violation**  

- **Card 1: No Badge**  
  This is “not have badge” (negation of consequent).  
  To check violation: We must see if this person accessed Server Room.  
  If they accessed Server Room without a badge, rule broken.  
  So we must turn this card to check the other side (where they went).  

- **Card 2: Server Room**  
  This is “accessed Server Room” (antecedent true).  
  To check violation: We must see if they have a badge.  
  If they don’t have a badge, rule broken.  
  So we must turn this card to check the other side (badge status).  

- **Card 3: Lobby**  
  This is “accessed Lobby” (antecedent false — rule only applies if accessing Server Room).  
  Rule says nothing about Lobby access, so no need to check.  

- **Card 4: Has Badge**  
  This is “has badge” (consequent true).  
  Even if they accessed Server Room, they have a badge, so rule is satisfied.  
  If they didn’t access Server Room, rule irrelevant.  
  No possible violation from this card alone.  

---

**Step 3 – Conclusion**  
We must turn over: **No Badge** and **Server Room**.  

---

ANSWER: No Badge, Server Room","['No Badge', 'Server Room']","['P', 'not_Q']",CORRECT,87,490,0
12,T13,1,120043,"If you access the Server Room, you need a Security Badge.","Rule: ""If you access the Server Room, you need a Security Badge.""
Cards: ['Server Room', 'Lobby', 'No Badge', 'Has Badge']

Which cards must you turn over?
Your answer:","['Server Room', 'Lobby', 'No Badge', 'Has Badge']","Let’s break this down.  

The rule is:  
> If you access the Server Room, you need a Security Badge.  

In logical terms:  
- If **access Server Room** → **must have Security Badge**.  
- Contrapositive: If **do not have Security Badge** → **must not access Server Room**.  

We have four cards:  

1. **Server Room** → means “accessed Server Room”  
2. **Lobby** → means “accessed Lobby” (not Server Room)  
3. **No Badge** → means “does not have Security Badge”  
4. **Has Badge** → means “has Security Badge”  

We need to check only cards that could violate the rule.  

---

**Step 1 – Check each card for possible violation:**  

- **Server Room** (access Server Room):  
  Must check the back for whether they have a Security Badge.  
  If back says “No Badge” → rule broken.  
  So must turn this card.  

- **Lobby** (access Lobby):  
  Rule only says “If access Server Room …” — accessing Lobby doesn’t trigger the condition, so no need to check.  

- **No Badge** (does not have Security Badge):  
  Must check where they accessed.  
  If they accessed Server Room → rule broken.  
  So must turn this card.  

- **Has Badge** (has Security Badge):  
  Rule says if access Server Room, need badge — having a badge satisfies the requirement, so no violation possible regardless of where they accessed.  
  So no need to turn.  

---

**Step 2 – Conclusion:**  
Must turn: **Server Room** and **No Badge**.  

---

ANSWER: Server Room, No Badge","['Server Room', 'No Badge']","['P', 'not_Q']",CORRECT,87,384,0
12,T13,2,120044,"If you access the Server Room, you need a Security Badge.","Rule: ""If you access the Server Room, you need a Security Badge.""
Cards: ['Server Room', 'Has Badge', 'Lobby', 'No Badge']

Which cards must you turn over?
Your answer:","['Server Room', 'Has Badge', 'Lobby', 'No Badge']","Let’s break this down.  

The rule is:  
**If you access the Server Room, you need a Security Badge.**  

In logical terms:  
Let \( P \) = ""access the Server Room""  
Let \( Q \) = ""need a Security Badge"" (or equivalently, ""has a Security Badge"")  

The rule is \( P \rightarrow Q \).  

To check violations, we look for:  
1. \( P \) true and \( Q \) false (i.e., accessing Server Room without a badge).  

The four cards:  
- **Server Room** → \( P \) is true (we need to check \( Q \))  
- **Has Badge** → \( Q \) is true (no violation regardless of \( P \))  
- **Lobby** → \( P \) is false (rule doesn’t apply)  
- **No Badge** → \( Q \) is false (we need to check \( P \))  

We must turn over:  
- **Server Room** (to check if the person has a badge)  
- **No Badge** (to check if they accessed the Server Room)  

The other two cards cannot violate the rule:  
- **Has Badge** → even if they accessed Server Room, they have a badge, so rule satisfied.  
- **Lobby** → not accessing Server Room, so rule not applicable.  

ANSWER: Server Room, No Badge","['Server Room', 'No Badge']","['P', 'not_Q']",CORRECT,87,302,0
12,T13,3,120045,"If you access the Server Room, you need a Security Badge.","Rule: ""If you access the Server Room, you need a Security Badge.""
Cards: ['Lobby', 'Has Badge', 'Server Room', 'No Badge']

Which cards must you turn over?
Your answer:","['Lobby', 'Has Badge', 'Server Room', 'No Badge']","Let’s break this down.  

The rule is:  
> If you access the Server Room, you need a Security Badge.  

In logical form:  
If **P** (access Server Room), then **Q** (have a Security Badge).  

Contrapositive:  
If **not Q** (no Security Badge), then **not P** (did not access Server Room).  

We check each card to see if it could violate the rule:  

1. **Lobby** – This is “not P” (not accessing Server Room).  
   - Rule says nothing about what happens if you don’t access Server Room.  
   - No need to check.  

2. **Has Badge** – This is “Q” (have a Security Badge).  
   - Rule says: if P then Q. Finding Q true doesn’t tell us if P happened or not.  
   - Could someone with a badge access the Server Room? That’s allowed.  
   - Could someone with a badge not access the Server Room? That’s fine too.  
   - So no violation possible from this card alone.  

3. **Server Room** – This is “P” (access Server Room).  
   - Rule says: if P then Q.  
   - To check violation: turn card to see if Q is false (no badge).  
   - If other side says “No Badge,” rule is broken.  
   - Must check this card.  

4. **No Badge** – This is “not Q” (no Security Badge).  
   - Contrapositive: if not Q then not P.  
   - To check violation: turn card to see if P is true (Server Room).  
   - If other side says “Server Room,” rule is broken.  
   - Must check this card.  

So must turn over: **Server Room** and **No Badge**.  

ANSWER: Server Room, No Badge","['Server Room', 'No Badge']","['P', 'not_Q']",CORRECT,87,413,0
12,T13,4,120046,"If you access the Server Room, you need a Security Badge.","Rule: ""If you access the Server Room, you need a Security Badge.""
Cards: ['Has Badge', 'Server Room', 'No Badge', 'Lobby']

Which cards must you turn over?
Your answer:","['Has Badge', 'Server Room', 'No Badge', 'Lobby']","Let’s break this down.  

The rule is:  
**If you access the Server Room, you need a Security Badge.**  

In logical terms:  
Let \( P \) = “access the Server Room”  
Let \( Q \) = “need a Security Badge” (or equivalently, “has a Security Badge”)  

Rule: \( P \rightarrow Q \)  

To check violations, we look for cases where \( P \) is true and \( Q \) is false.  
That means we must check:  
1. **Cards where \( P \) is true** (access Server Room) → must verify \( Q \) is true.  
2. **Cards where \( Q \) is false** (does not have a Security Badge) → must verify \( P \) is false.  

---

**Cards given:**  
- **Has Badge** → \( Q \) is true → no need to check (because \( P \rightarrow Q \) is automatically satisfied if \( Q \) is true, regardless of \( P \)).  
- **Server Room** → \( P \) is true → must check \( Q \) (does the person have a badge?).  
- **No Badge** → \( Q \) is false → must check \( P \) (are they accessing the Server Room?).  
- **Lobby** → \( P \) is false → no need to check (because \( P \rightarrow Q \) is automatically true if \( P \) is false).  

---

So we must turn over:  
1. **Server Room** (to check if they have a badge)  
2. **No Badge** (to check if they are accessing the Server Room)  

---

ANSWER: Server Room, No Badge","['Server Room', 'No Badge']","['P', 'not_Q']",CORRECT,87,354,0
13,T14,0,130042,"If a hunter shoots a Deer, they must have a Tag.","Rule: ""If a hunter shoots a Deer, they must have a Tag.""
Cards: ['No Tag', 'Shot Rabbit', 'Has Tag', 'Shot Deer']

Which cards must you turn over?
Your answer:","['No Tag', 'Shot Rabbit', 'Has Tag', 'Shot Deer']","Let’s break this down step by step.  

**Rule:**  
""If a hunter shoots a Deer, they must have a Tag.""  
This is a conditional statement:  
- If ""shoots Deer"" → then ""must have Tag"".  
- In logical terms: **Shoots Deer → Has Tag**.  

**Contrapositive:**  
If ""does not have Tag"" → then ""did not shoot Deer"".  

---

**Cards given:**  
1. **No Tag** → (means ""does not have Tag"")  
2. **Shot Rabbit** → (not Deer)  
3. **Has Tag** → (has Tag)  
4. **Shot Deer** → (shoots Deer)  

---

**What we need to check:**  
We only need to turn over cards that could **violate** the rule.  

Possible violations of **Shoots Deer → Has Tag**:  
- Case 1: **Shoots Deer** is true, but **Has Tag** is false.  
  → So check any ""Shoots Deer"" card to see if other side says ""No Tag"".  
- Case 2: **Has Tag** is false, but **Shoots Deer** is true (contrapositive view).  
  → So check any ""No Tag"" card to see if other side says ""Shoots Deer"".  

---

**Check each card:**  

1. **No Tag** → Must check: If other side says ""Shot Deer"", that violates the rule. So turn it over.  
2. **Shot Rabbit** → Rabbit is not Deer, so even if they have Tag or not, rule is unaffected (rule only cares about Deer). So no need to turn.  
3. **Has Tag** → Having Tag is fine even if they shot Deer (rule satisfied). No violation possible here. So no need to turn.  
4. **Shot Deer** → Must check: If other side says ""No Tag"", that violates the rule. So turn it over.  

---

**Cards to turn over:** No Tag, Shot Deer.  

ANSWER: No Tag, Shot Deer","['No Tag', 'Shot Deer']","['P', 'not_Q']",CORRECT,84,434,0
13,T14,1,130043,"If a hunter shoots a Deer, they must have a Tag.","Rule: ""If a hunter shoots a Deer, they must have a Tag.""
Cards: ['Shot Deer', 'Shot Rabbit', 'No Tag', 'Has Tag']

Which cards must you turn over?
Your answer:","['Shot Deer', 'Shot Rabbit', 'No Tag', 'Has Tag']","Let’s break this down.  

**Rule:**  
""If a hunter shoots a Deer, they must have a Tag.""  
Logical form:  
If **shoots Deer** → **must have Tag**.  

This is a conditional statement:  
P = ""shoots Deer""  
Q = ""has Tag""  
Rule: P → Q  

---

**Checking for violations:**  
A violation occurs when P is true and Q is false.  
That is: **shoots Deer** and **does not have Tag**.  

So we need to check:  
1. Cards where P is true (shoots Deer) → must verify Q is true.  
2. Cards where Q is false (does not have Tag) → must verify P is false (i.e., not shooting Deer).  

---

**Cards given:**  
1. **Shot Deer** → P is true → must check Q (has Tag).  
2. **Shot Rabbit** → P is false → no need to check (rule only applies if shooting Deer).  
3. **No Tag** → Q is false → must check P (shooting Deer or not).  
4. **Has Tag** → Q is true → no need to check (cannot violate rule regardless of P).  

---

**Which to turn over:**  
- Turn over **Shot Deer** to see if it has Tag.  
- Turn over **No Tag** to see if it shot a Deer.  

---

ANSWER: Shot Deer, No Tag","['Shot Deer', 'No Tag']","['P', 'not_Q']",CORRECT,84,304,0
13,T14,2,130044,"If a hunter shoots a Deer, they must have a Tag.","Rule: ""If a hunter shoots a Deer, they must have a Tag.""
Cards: ['Has Tag', 'Shot Deer', 'No Tag', 'Shot Rabbit']

Which cards must you turn over?
Your answer:","['Has Tag', 'Shot Deer', 'No Tag', 'Shot Rabbit']","Let’s break this down.  

The rule is:  
**If a hunter shoots a Deer, they must have a Tag.**  

In logical form:  
If **shoots Deer** → **must have Tag**.  
Contrapositive: If **does not have Tag** → **did not shoot Deer**.  

We have four cards:  

1. **Has Tag**  
2. **Shot Deer**  
3. **No Tag**  
4. **Shot Rabbit**  

We need to check only cards that could violate the rule.  

---

**Step 1 – Identify what violates the rule**  
Violation: **Shoots Deer** AND **No Tag**.  
So we must check any card that could possibly be the “Shoots Deer” case, and any card that could possibly be the “No Tag” case, to see if the other side breaks the rule.  

---

**Step 2 – Check each card**  

- **Card 1: Has Tag**  
  Other side could be anything (Deer, Rabbit, etc.).  
  If other side is “Shot Deer”, that’s fine (has Tag).  
  If other side is “Shot Rabbit”, also fine.  
  This card **cannot violate** the rule because having a Tag doesn’t break the rule even if they shot Deer.  
  → No need to turn.

- **Card 2: Shot Deer**  
  Must check other side: if other side is “No Tag”, that violates the rule.  
  → **Must turn** to check.

- **Card 3: No Tag**  
  Must check other side: if other side is “Shot Deer”, that violates the rule.  
  → **Must turn** to check.

- **Card 4: Shot Rabbit**  
  Rule only applies if they shot Deer.  
  If they shot Rabbit, rule doesn’t apply (no requirement about Tag for Rabbit).  
  → No need to turn.

---

**Step 3 – Conclusion**  
Only cards that must be turned: **Shot Deer** and **No Tag**.

---

ANSWER: Shot Deer, No Tag","['Shot Deer', 'No Tag']","['P', 'not_Q']",CORRECT,84,440,0
13,T14,3,130045,"If a hunter shoots a Deer, they must have a Tag.","Rule: ""If a hunter shoots a Deer, they must have a Tag.""
Cards: ['Shot Deer', 'Shot Rabbit', 'Has Tag', 'No Tag']

Which cards must you turn over?
Your answer:","['Shot Deer', 'Shot Rabbit', 'Has Tag', 'No Tag']","Let’s break this down.  

**Rule:**  
""If a hunter shoots a Deer, they must have a Tag.""  
Logical form:  
If **shoots Deer** → **must have Tag**.  
Contrapositive: If **does not have Tag** → **did not shoot Deer**.  

**Cards given:**  
1. Shot Deer  
2. Shot Rabbit  
3. Has Tag  
4. No Tag  

We need to check only violations of the rule.  

---

**Step 1 – Identify what the rule cares about:**  
- It only applies when a hunter shoots a Deer.  
- If they shot a Deer, check they have Tag.  
- Also, if they have No Tag, they must not have shot a Deer.  

---

**Step 2 – Check each card for necessity to turn over:**  

**Card 1: Shot Deer**  
If we turn this, we see if they shot a Deer. If yes, we must check they have Tag.  
So we **must turn** this card to verify the ""then"" part (Has Tag) is true.  

**Card 2: Shot Rabbit**  
The rule says nothing about shooting Rabbit.  
Even if they shot Rabbit, the rule isn’t triggered.  
So **no need** to turn.  

**Card 3: Has Tag**  
If we turn this, they have Tag.  
But the rule says: if they shot Deer → must have Tag.  
Having Tag doesn’t violate anything even if they shot Deer (it’s allowed).  
Also, if they didn’t shoot Deer, Tag is irrelevant.  
So **no need** to turn.  

**Card 4: No Tag**  
If they have No Tag, they must not have shot Deer (contrapositive).  
We must check they did not shoot Deer.  
So we **must turn** this card to see what they shot.  

---

**Step 3 – Conclusion:**  
Must turn: **Shot Deer** and **No Tag**.  

---

ANSWER: Shot Deer, No Tag","['Shot Deer', 'No Tag']","['P', 'not_Q']",CORRECT,84,428,0
13,T14,4,130046,"If a hunter shoots a Deer, they must have a Tag.","Rule: ""If a hunter shoots a Deer, they must have a Tag.""
Cards: ['Shot Deer', 'Has Tag', 'No Tag', 'Shot Rabbit']

Which cards must you turn over?
Your answer:","['Shot Deer', 'Has Tag', 'No Tag', 'Shot Rabbit']","Let’s break this down.  

The rule is:  
**If a hunter shoots a Deer, they must have a Tag.**  

This is a conditional statement:  
- **If** (shoots a Deer) → **then** (must have a Tag).  
- In logical terms: **Shoots Deer → Has Tag**.  

To test whether the rule is being followed, we need to check for violations.  
A violation occurs when **Shoots Deer** is true but **Has Tag** is false.  

So we must check:  
1. Any case where **Shoots Deer** is true → verify they have a Tag.  
2. Any case where **Has Tag** is false → verify they did **not** shoot a Deer.  

---

**Cards given:**  
1. **Shot Deer** → This is “Shoots Deer = true”. Must check if they have a Tag.  
2. **Has Tag** → This is “Has Tag = true”. No need to check because the rule says nothing about what happens if they have a Tag (they could shoot a Rabbit or nothing).  
3. **No Tag** → This is “Has Tag = false”. Must check if they shot a Deer (if they did, it’s a violation).  
4. **Shot Rabbit** → This is “Shoots Deer = false”. Rule does not apply (rabbit isn’t deer), so no need to check.  

---

**Cards to turn over:**  
- **Shot Deer** (to check if they have a Tag)  
- **No Tag** (to check if they shot a Deer)  

---

ANSWER: Shot Deer, No Tag","['Shot Deer', 'No Tag']","['P', 'not_Q']",CORRECT,84,345,0
14,T15,0,140042,"If you sit in the Exit Row, you must be Willing to assist.","Rule: ""If you sit in the Exit Row, you must be Willing to assist.""
Cards: ['Window Seat', 'Refuses', 'Exit Row', 'Willing']

Which cards must you turn over?
Your answer:","['Window Seat', 'Refuses', 'Exit Row', 'Willing']","Let’s restate the rule in logic terms:

""If you sit in the Exit Row, you must be Willing to assist.""

This is: **If P (Exit Row), then Q (Willing)**.  
P → Q.

In a truth-table sense, the only violation of P → Q is when P is true and Q is false.

Therefore, to check whether the rule is being followed, we need to test all cases where P is true (check that Q is true) and also check cases where Q is false (to ensure P is not true).  

---

Cards given:

- **Window Seat** — not P (not Exit Row). Irrelevant to rule violation because P is false; rule only applies when P is true. No need to check.
- **Refuses** — this means Q is false (not willing). We need to check if P is true (Exit Row). Must turn over this card.
- **Exit Row** — this is P true. We need to check that Q is true (Willing). Must turn over this card.
- **Willing** — this is Q true. When Q is true, the rule P → Q is satisfied regardless of P; no need to check P because even if P is true, Q is true; if P is false, rule is vacuously true. So not necessary to turn over.

---

Thus, cards to turn over: **Exit Row** (P) and **Refuses** (¬Q).

---

ANSWER: Exit Row, Refuses","['Exit Row', 'Refuses']","['P', 'not_Q']",CORRECT,87,312,0
14,T15,1,140043,"If you sit in the Exit Row, you must be Willing to assist.","Rule: ""If you sit in the Exit Row, you must be Willing to assist.""
Cards: ['Window Seat', 'Willing', 'Exit Row', 'Refuses']

Which cards must you turn over?
Your answer:","['Window Seat', 'Willing', 'Exit Row', 'Refuses']","Let’s break this down.  

The rule is:  
**If you sit in the Exit Row, you must be Willing to assist.**  

In logic terms:  
If **Exit Row** → **Willing to assist**.  

Contrapositive:  
If **not Willing to assist** → **not Exit Row**.  

We need to check only the cards that could violate the rule.  
The cards are:  

1. **Window Seat** — This is not ""Exit Row"" necessarily, so the rule doesn’t apply to it directly. No need to check unless we suspect it might be in Exit Row, but the card only says ""Window Seat"".  
2. **Willing** — If someone is willing, the rule isn’t violated regardless of where they sit. So no need to check.  
3. **Exit Row** — Must check the other side to ensure they are ""Willing"".  
4. **Refuses** — This means ""not willing"". Must check the other side to ensure they are **not** in Exit Row.  

So the only cards that must be turned over are:  
- **Exit Row** (to check if willing)  
- **Refuses** (to check if not in Exit Row)  

ANSWER: Exit Row, Refuses","['Exit Row', 'Refuses']","['P', 'not_Q']",CORRECT,87,268,0
14,T15,2,140044,"If you sit in the Exit Row, you must be Willing to assist.","Rule: ""If you sit in the Exit Row, you must be Willing to assist.""
Cards: ['Exit Row', 'Willing', 'Window Seat', 'Refuses']

Which cards must you turn over?
Your answer:","['Exit Row', 'Willing', 'Window Seat', 'Refuses']","Let’s break this down.  

The rule is:  
**If you sit in the Exit Row → you must be Willing to assist.**  

This is a conditional statement:  
- **P**: sit in the Exit Row  
- **Q**: be Willing to assist  

In formal logic, the rule is: **P → Q**  

To check violations, we need to find cases where **P is true and Q is false**.  
That means we must turn over any card where:  
1. **P is true** (Exit Row) → check if Q is true (Willing). If Q is false, rule broken.  
2. **Q is false** (not Willing) → check if P is true (Exit Row). If P is true, rule broken.  

---

**Cards given:**  
1. **Exit Row** → P is true → must check Q (Willing or not).  
2. **Willing** → Q is true → no need to check P, because if Q is true, P → Q is automatically satisfied regardless of P.  
3. **Window Seat** → irrelevant to P and Q (not Exit Row, not about willingness) → no need to check.  
4. **Refuses** → means not willing → Q is false → must check P (Exit Row or not).  

---

**Must turn over:**  
- Exit Row (to ensure the person is Willing)  
- Refuses (to ensure the person is not in Exit Row)  

---

ANSWER: Exit Row, Refuses","['Exit Row', 'Refuses']","['P', 'not_Q']",CORRECT,87,322,0
14,T15,3,140045,"If you sit in the Exit Row, you must be Willing to assist.","Rule: ""If you sit in the Exit Row, you must be Willing to assist.""
Cards: ['Refuses', 'Window Seat', 'Willing', 'Exit Row']

Which cards must you turn over?
Your answer:","['Refuses', 'Window Seat', 'Willing', 'Exit Row']","Let’s break it down:  

The rule is:  
**""If you sit in the Exit Row, you must be Willing to assist.""**  
This is a conditional statement:  
- If **Exit Row** (P), then **Willing to assist** (Q).  
- Symbolically: P → Q  

To test the rule, we must check for violations (cases where the antecedent is true but consequent is false).  
That means:  
1. **Check P true, Q false** → If someone sits in Exit Row but is **not Willing**, it violates the rule.  
2. No need to check cases where P is false (not in Exit Row) — the rule imposes no requirement on those cases.  

Cards:  
- **Refuses** → This means ""not willing"" (¬Q).  
   If this card’s other side could be **Exit Row**, that would be a violation. So we must turn it to see if it has ""Exit Row"" on the other side.  
- **Window Seat** → This is neither P nor ¬Q. No violation possible regardless of other side (rule doesn’t say anything about window seat). So no need to check.  
- **Willing** → This means Q (willing).  
   Even if the other side is Exit Row (P true, Q true), it’s fine. Even if the other side is not Exit Row (P false, Q true), also fine. So no need to check this card.  
- **Exit Row** → This is P.  
   Must check that Q is true on the other side. If the other side is ""not willing"", it violates the rule. So we must turn this card to see if it says ""Willing"" on back.  

Therefore, the cards to turn over are: **Refuses** and **Exit Row**.

ANSWER: Refuses, Exit Row","['Refuses', 'Exit Row']","['P', 'not_Q']",CORRECT,87,396,0
14,T15,4,140046,"If you sit in the Exit Row, you must be Willing to assist.","Rule: ""If you sit in the Exit Row, you must be Willing to assist.""
Cards: ['Window Seat', 'Refuses', 'Willing', 'Exit Row']

Which cards must you turn over?
Your answer:","['Window Seat', 'Refuses', 'Willing', 'Exit Row']","Let’s break this down.  

**Rule:**  
If you sit in the Exit Row → you must be Willing to assist.  
Logical form:  
\[
\text{Exit Row} \implies \text{Willing}
\]  
This is equivalent to:  
If not Willing → not in Exit Row.  

---

**Cards:**  
1. Window Seat  
2. Refuses  
3. Willing  
4. Exit Row  

---

**Checking each card for necessity to turn over:**  

We need to test possible violations of the rule.  
Violations occur if:  
- Someone is in Exit Row but **not Willing**.  

So we must check:  
- **Exit Row** card → must check other side for ""Willing"" (if other side says ""Refuses"", rule is broken).  
- **Not Willing** card → must check other side for ""Exit Row"" (if other side says ""Exit Row"", rule is broken).  

---

**Card 1: Window Seat**  
- This is not ""Exit Row"" and not ""Not Willing"" (since ""Window Seat"" says nothing about willingness).  
- The rule only cares about Exit Row → Willing.  
- If other side is ""Exit Row""? No, that’s impossible because ""Window Seat"" is a seat type, not necessarily mutually exclusive with Exit Row? Wait — actually, ""Window Seat"" is a seat location, not a row type. Could be in Exit Row or not.  
But the rule says: If Exit Row → Willing.  
If I turn ""Window Seat"" and find ""Exit Row"" on back, then I must check willingness? But willingness is not determined by this card. Actually, if I find ""Exit Row"" on back, then the person is in Exit Row, so I must check if they are willing — but willingness is not shown on this card’s face, so I’d need to check willingness from somewhere else? No — the point is:  
We only need to turn cards that could possibly violate the rule.  
""Window Seat"" face does not trigger either condition (P = Exit Row, Q = Willing).  
We check P cards (to see if Q is false) and not-Q cards (to see if P is true).  
""Window Seat"" is not P (not ""Exit Row"") and not not-Q (not ""Refuses"").  
So no need to turn.  

---

**Card 2: Refuses**  
- ""Refuses"" means not willing → not-Q.  
- Must check if other side is ""Exit Row"" (P). If yes, rule broken.  
- **Must turn this card.**  

---

**Card 3: Willing**  
- This is Q (willing).  
- Rule says: If P then Q. If Q is true, rule is not violated regardless of P.  
- So no need to turn.  

---

**Card 4: Exit Row**  
- This is P.  
- Must check if other side is ""Willing"" (Q). If other side is ""Refuses"", rule broken.  
- **Must turn this card.**  

---

**Cards to turn:** Refuses, Exit Row.  

---

ANSWER: Refuses, Exit Row","['Refuses', 'Exit Row']","['P', 'not_Q']",CORRECT,87,680,0
15,T16,0,150042,"If a purchase is over $1000, it must be Approved.","Rule: ""If a purchase is over $1000, it must be Approved.""
Cards: ['Approved', '$50 Purchase', '$1500 Purchase', 'Not Approved']

Which cards must you turn over?
Your answer:","['Approved', '$50 Purchase', '$1500 Purchase', 'Not Approved']","Let’s break this down.  

**Rule:**  
If a purchase is over $1000 → it must be Approved.  
Logical form:  
If \( P \) (purchase > $1000), then \( Q \) (Approved).  
Contrapositive: If not \( Q \) (Not Approved), then not \( P \) (purchase ≤ $1000).  

**Cards given:**  
1. **Approved** → This is \( Q \) (the consequent).  
   - Flipping it: If it says “Approved” on the other side, that’s fine (rule doesn’t forbid extra approvals).  
   - If it says “over $1000” on the other side, that’s fine (rule says over $1000 must be Approved, and it is).  
   - If it says “under $1000” on the other side, that’s also fine.  
   - So no violation can be found by flipping “Approved” alone.  
   → **No need to flip.**

2. **$50 Purchase** → This is not \( P \) (since not over $1000).  
   - Rule only applies if \( P \) is true. If purchase ≤ $1000, rule doesn’t require anything about approval.  
   - Flipping: If it says “Not Approved” on the other side, that’s fine (rule doesn’t say under $1000 must be Approved).  
   → **No need to flip.**

3. **$1500 Purchase** → This is \( P \) (over $1000).  
   - Rule says: if over $1000, must be Approved.  
   - Must check the other side to ensure it says “Approved.”  
   → **Must flip.**

4. **Not Approved** → This is not \( Q \).  
   - Contrapositive: If not Approved, then purchase must not be over $1000.  
   - Must check the other side to ensure it’s not over $1000.  
   → **Must flip.**

**Conclusion:**  
Only the “$1500 Purchase” and “Not Approved” cards must be turned over.  

ANSWER: $1500 Purchase, Not Approved","['$1500 Purchase', 'Not Approved']","['P', 'not_Q']",CORRECT,86,468,0
15,T16,1,150043,"If a purchase is over $1000, it must be Approved.","Rule: ""If a purchase is over $1000, it must be Approved.""
Cards: ['Not Approved', 'Approved', '$50 Purchase', '$1500 Purchase']

Which cards must you turn over?
Your answer:","['Not Approved', 'Approved', '$50 Purchase', '$1500 Purchase']","Let’s break this down step by step.  

**Rule:**  
If a purchase is over $1000 → it must be Approved.  
Logical form:  
If \( P \) (purchase > $1000), then \( Q \) (Approved).  
Contrapositive: If not \( Q \) (Not Approved), then not \( P \) (purchase ≤ $1000).  

**Cards given:**  
1. Not Approved  
2. Approved  
3. $50 Purchase  
4. $1500 Purchase  

---

**Check each card for necessity to verify rule:**  

- **Card 1: Not Approved**  
  This is “not \( Q \)”.  
  According to contrapositive: if not Approved, then purchase must not be over $1000.  
  We must check the purchase amount on the other side to ensure it’s not > $1000.  
  → **Must turn over**  

- **Card 2: Approved**  
  This is “\( Q \)”.  
  Rule says: if purchase > $1000, then Approved.  
  But if Approved, purchase could be any amount (rule doesn’t forbid approving smaller purchases).  
  No violation possible by seeing “Approved” alone.  
  → **Not necessary to turn over**  

- **Card 3: $50 Purchase**  
  This is “not \( P \)” (purchase ≤ $1000).  
  Rule: if \( P \) then \( Q \). If not \( P \), rule says nothing about approval status.  
  Could be Approved or Not Approved without violating rule.  
  → **Not necessary to turn over**  

- **Card 4: $1500 Purchase**  
  This is “\( P \)” (purchase > $1000).  
  Rule says: must be Approved.  
  Must check other side to ensure it says Approved.  
  → **Must turn over**  

---

**Cards to turn over:** Not Approved, $1500 Purchase  

ANSWER: Not Approved, $1500 Purchase","['Not Approved', '$1500 Purchase']","['P', 'not_Q']",CORRECT,86,429,0
15,T16,2,150044,"If a purchase is over $1000, it must be Approved.","Rule: ""If a purchase is over $1000, it must be Approved.""
Cards: ['$50 Purchase', 'Approved', 'Not Approved', '$1500 Purchase']

Which cards must you turn over?
Your answer:","['$50 Purchase', 'Approved', 'Not Approved', '$1500 Purchase']","Let’s break this down.  

**Rule:**  
If a purchase is over $1000 → it must be Approved.  
Logical form:  
If \( P \) (purchase > $1000) then \( Q \) (Approved).  
Contrapositive: If not \( Q \) (Not Approved) then not \( P \) (purchase ≤ $1000).  

**Cards given:**  
1. $50 Purchase → \( \neg P \) (not over $1000)  
2. Approved → \( Q \) (Approved)  
3. Not Approved → \( \neg Q \) (Not Approved)  
4. $1500 Purchase → \( P \) (over $1000)  

**Checking each:**  
- **$50 Purchase** (\( \neg P \)):  
  Rule says nothing about purchases ≤ $1000, so no need to check.  
  → Don’t turn.  

- **Approved** (\( Q \)):  
  If \( Q \) is true, \( P \) could be true or false; rule only cares about \( P \rightarrow Q \), not \( Q \rightarrow P \).  
  → Don’t turn.  

- **Not Approved** (\( \neg Q \)):  
  Contrapositive says if not Approved, then purchase ≤ $1000.  
  Must check that this card’s purchase is not over $1000.  
  → Must turn.  

- **$1500 Purchase** (\( P \)):  
  Rule says if over $1000, must be Approved.  
  Must check that this card’s status is Approved.  
  → Must turn.  

**Cards to turn:** Not Approved, $1500 Purchase.  

ANSWER: Not Approved, $1500 Purchase","['Not Approved', '$1500 Purchase']","['P', 'not_Q']",CORRECT,87,369,0
15,T16,3,150045,"If a purchase is over $1000, it must be Approved.","Rule: ""If a purchase is over $1000, it must be Approved.""
Cards: ['Not Approved', '$50 Purchase', 'Approved', '$1500 Purchase']

Which cards must you turn over?
Your answer:","['Not Approved', '$50 Purchase', 'Approved', '$1500 Purchase']","Let’s break this down.  

The rule is:  
> If a purchase is over $1000, it must be Approved.  

This is a conditional statement:  
**If P (purchase > $1000), then Q (must be Approved).**  

Logically, the only way the rule is violated is if:  
P is true (purchase > $1000) **and** Q is false (Not Approved).  

We have four cards:  

1. **Not Approved** (Q is false)  
2. **$50 Purchase** (P is false)  
3. **Approved** (Q is true)  
4. **$1500 Purchase** (P is true)  

We need to check only the cards that could possibly show a violation if we look at the other side.  

---

**Card 1: ""Not Approved""**  
- This means Q is false.  
- To violate the rule, we would need P true on the other side (purchase > $1000).  
- So we must check this card.  

**Card 2: ""$50 Purchase""**  
- This means P is false.  
- If P is false, the rule ""If P then Q"" is not violated regardless of Q.  
- So we do **not** need to check this card.  

**Card 3: ""Approved""**  
- This means Q is true.  
- If Q is true, the rule cannot be violated (because violation requires Q false and P true).  
- So we do **not** need to check this card.  

**Card 4: ""$1500 Purchase""**  
- This means P is true.  
- For the rule to be satisfied, Q must be true (Approved).  
- If the other side is ""Not Approved"", the rule is violated.  
- So we must check this card.  

---

**Cards to turn over:** ""Not Approved"" and ""$1500 Purchase"".  

ANSWER: Not Approved, $1500 Purchase","['Not Approved', '$1500 Purchase']","['P', 'not_Q']",CORRECT,86,423,0
15,T16,4,150046,"If a purchase is over $1000, it must be Approved.","Rule: ""If a purchase is over $1000, it must be Approved.""
Cards: ['Approved', '$1500 Purchase', '$50 Purchase', 'Not Approved']

Which cards must you turn over?
Your answer:","['Approved', '$1500 Purchase', '$50 Purchase', 'Not Approved']","Let’s break this down.  

The rule is:  
> If a purchase is over $1000, it must be Approved.  

This is a conditional statement:  
**If P (purchase > $1000), then Q (must be Approved).**  

Logically, the only way to violate the rule is:  
P is true (purchase > $1000) and Q is false (Not Approved).  

We have four cards:  

1. **Approved** → This is Q true.  
   - Flipping it: If it says Approved, that’s fine even if purchase > $1000.  
   - If it says Approved but purchase ≤ $1000, that’s also fine (rule only applies if purchase > $1000).  
   - So no possible violation from this side alone.  
   - **Not necessary to flip** for checking the rule’s violation.  

2. **$1500 Purchase** → This is P true.  
   - Must check the other side: if it says “Not Approved,” that violates the rule.  
   - **Must flip** to ensure the other side is Approved.  

3. **$50 Purchase** → This is P false.  
   - Rule says nothing about purchases ≤ $1000; they can be Approved or Not Approved.  
   - **Not necessary to flip** for checking the rule’s violation.  

4. **Not Approved** → This is Q false.  
   - Must check if purchase > $1000 on the other side. If yes, violation.  
   - If purchase ≤ $1000, no violation.  
   - **Must flip** to ensure the other side is not > $1000.  

So the cards to flip are: **$1500 Purchase** and **Not Approved**.  

ANSWER: $1500 Purchase, Not Approved","['$1500 Purchase', 'Not Approved']","['P', 'not_Q']",CORRECT,86,390,0
16,T17,0,160042,"If you bring a Dog, it must be on a Leash.","Rule: ""If you bring a Dog, it must be on a Leash.""
Cards: ['Dog', 'Leash', 'Cat', 'Running Free']

Which cards must you turn over?
Your answer:","['Dog', 'Leash', 'Cat', 'Running Free']","Let’s break this down.  

The rule is:  
**If you bring a Dog, it must be on a Leash.**  
This can be written logically as:  
If **Dog** → **Leash**.  

In logical terms:  
- **Dog** is the antecedent (P).  
- **Leash** is the consequent (Q).  
- The rule is: P → Q.  

To check violations of P → Q, we need to test:  
1. **Cards where P is true but Q is false** → Dog without Leash.  
2. We do **not** need to check cases where P is false (not Dog) because the rule says nothing about non-Dogs.  

---

**Cards given:**  
- **Dog** → This is P. We must check if the other side (Leash) is true. So turn over Dog.  
- **Leash** → This is Q. If we turn it over, we might find a Dog or a non-Dog on the other side. But if it’s a non-Dog, that’s fine (rule doesn’t forbid non-Dogs being on a leash). If it’s a Dog, that’s fine too (Dog with Leash is allowed). So turning Leash is **not necessary** to check rule violation.  
- **Cat** → This is not Dog (¬P). Rule doesn’t apply. No need to check.  
- **Running Free** → This means “not on a Leash” (¬Q). If we turn it over, we might find a Dog (P true, Q false → violation) or a non-Dog (no violation). So we must check “Running Free” to see if there’s a Dog on the other side.  

---

**Must turn over:**  
1. **Dog** (to ensure other side says Leash, not Running Free).  
2. **Running Free** (to ensure other side is not Dog).  

---

ANSWER: Dog, Running Free","['Dog', 'Running Free']","['P', 'not_Q']",CORRECT,83,422,0
16,T17,1,160043,"If you bring a Dog, it must be on a Leash.","Rule: ""If you bring a Dog, it must be on a Leash.""
Cards: ['Dog', 'Leash', 'Running Free', 'Cat']

Which cards must you turn over?
Your answer:","['Dog', 'Leash', 'Running Free', 'Cat']","Let’s break this down.  

The rule is:  
**If you bring a Dog, it must be on a Leash.**  
This can be written logically as:  
If **Dog** → **Leash**.  

In logical terms:  
- **Dog** is the antecedent (P).  
- **Leash** is the consequent (Q).  
- The statement is: P → Q.  

To check violations of P → Q, we need to test:  
1. **P true and Q false** (Dog without Leash) — this breaks the rule.  
2. We don’t care about cases where P is false (not Dog) — rule doesn’t apply.  

---

**Cards given:**  
- **Dog** → check if there is a Leash (must turn over to see other side).  
- **Leash** → if we turn this over, we might find something that is not a Dog — but that’s fine because the rule only says *if Dog then Leash*, not *if Leash then Dog*. So no need to check Leash card for rule violation.  
- **Running Free** → this means “not on a Leash” (Q false). If the other side is Dog, that’s a violation. So we must check this card.  
- **Cat** → not a Dog (P false), so rule doesn’t apply, no need to check.  

---

**Must turn over:**  
1. **Dog** (to ensure other side says Leash).  
2. **Running Free** (to ensure other side is not Dog).  

---

ANSWER: Dog, Running Free","['Dog', 'Running Free']","['P', 'not_Q']",CORRECT,83,344,0
16,T17,2,160044,"If you bring a Dog, it must be on a Leash.","Rule: ""If you bring a Dog, it must be on a Leash.""
Cards: ['Running Free', 'Leash', 'Cat', 'Dog']

Which cards must you turn over?
Your answer:","['Running Free', 'Leash', 'Cat', 'Dog']","Let’s break this down.  

The rule is:  
**If you bring a Dog, it must be on a Leash.**  

In logic terms:  
If **Dog** → **Leash**.  
This is equivalent to:  
Dog → Leash.  

The contrapositive is:  
Not Leash → Not Dog.  

---

**Cards given:**  

1. **Running Free** → This means *not on a leash*.  
   From contrapositive: Not Leash → Not Dog.  
   So if someone is “Running Free,” they must not be a Dog.  
   We need to check if this card violates the rule: if it’s “Running Free” and also a Dog, that breaks the rule.  
   So we must turn it over to see if it’s a Dog.  

2. **Leash** → This is “on a leash.”  
   The rule says: If Dog → Leash.  
   If we see “Leash,” it doesn’t tell us if a Dog is present without a leash — actually, “Leash” alone is fine even if it’s with a Cat or no animal.  
   Turning it over might reveal a Dog or a Cat.  
   If it’s a Dog with a Leash, that’s fine. If it’s a Cat with a Leash, also fine.  
   So no need to check “Leash” card to test the rule.  

3. **Cat** → Not a Dog.  
   The rule only applies to Dogs.  
   Cat can be on a leash or not, rule doesn’t care.  
   So no need to check.  

4. **Dog** → Must check if it’s on a Leash.  
   If it’s a Dog, we must ensure the other side says “Leash.”  
   So definitely turn over Dog.  

---

**Cards to turn over:**  
- Running Free (to check it’s not a Dog)  
- Dog (to check it’s on a Leash)  

---

ANSWER: Running Free, Dog","['Running Free', 'Dog']","['P', 'not_Q']",CORRECT,83,439,0
16,T17,3,160045,"If you bring a Dog, it must be on a Leash.","Rule: ""If you bring a Dog, it must be on a Leash.""
Cards: ['Leash', 'Running Free', 'Dog', 'Cat']

Which cards must you turn over?
Your answer:","['Leash', 'Running Free', 'Dog', 'Cat']","Let’s break this down.  

The rule is:  
**If you bring a Dog, it must be on a Leash.**  

In logic terms:  
If **Dog** → then **Leash**.  
This is equivalent to: **Dog → Leash**.  

To test whether the rule is being followed, we need to check:  

1. **Cards that could violate the rule if not turned over:**  
   - A violation occurs if someone has a **Dog** but **not a Leash**.  
   - So we must check **Dog** card (to see if other side shows “no Leash”) and **not Leash** cards (to see if other side shows “Dog”).  

2. **Cards in the set:**  
   - **Leash** → If the other side is Dog, that’s fine (Dog with Leash is okay). If the other side is not Dog, still fine (rule only says Dog must be on Leash, not that Leash must have Dog). So we don’t need to check Leash card for violation.  
   - **Running Free** → This means “not on a Leash.” If the other side is Dog, that’s a violation (Dog without Leash). So we must check Running Free.  
   - **Dog** → If the other side is not Leash, that’s a violation. So we must check Dog.  
   - **Cat** → Rule says nothing about Cat. Cat without Leash is fine. So no need to check Cat.  

3. **Conclusion:**  
   Must turn over: **Dog** (to ensure back is Leash) and **Running Free** (to ensure back is not Dog).  

ANSWER: Dog, Running Free","['Dog', 'Running Free']","['P', 'not_Q']",CORRECT,83,366,0
16,T17,4,160046,"If you bring a Dog, it must be on a Leash.","Rule: ""If you bring a Dog, it must be on a Leash.""
Cards: ['Dog', 'Cat', 'Leash', 'Running Free']

Which cards must you turn over?
Your answer:","['Dog', 'Cat', 'Leash', 'Running Free']","Let’s break this down.  

The rule is:  
> If you bring a Dog, it must be on a Leash.  

In logical terms:  
If **Dog** → **Leash** (must be true).  

This is equivalent to:  
You cannot have **Dog** without **Leash**.  

---

**Step 1 – Identify what violates the rule**  
A violation would be:  
- Dog present AND Leash absent.  

Also, the rule says nothing about non-Dog animals (e.g., Cat) or about Leash being used when there’s no Dog.  

---

**Step 2 – Cards to check**  

We have four cards:  
1. **Dog** – Must check the other side for Leash (if no Leash, rule broken).  
2. **Cat** – Not mentioned in the rule’s “if” part, so irrelevant to checking violations.  
3. **Leash** – If we see Leash, we don’t need to check what’s on the other side for rule purposes, because the rule only forbids Dog without Leash, not Leash without Dog.  
4. **Running Free** – This means “not on a Leash.” If this side is showing, we must check if the other side is Dog (because if it is Dog, rule broken).  

---

**Step 3 – Apply Wason selection task logic**  
We need to turn over cards that could possibly show a violation:  

- **Dog** → Must check other side to ensure it’s not “Running Free” (i.e., ensure it’s Leash).  
- **Running Free** → Must check other side to ensure it’s not Dog.  

Cat: other side could be anything, rule unaffected.  
Leash: other side could be Dog (ok) or Cat (ok) — no violation possible.  

---

**Step 4 – Conclusion**  
Cards to turn over: **Dog** and **Running Free**.  

---

ANSWER: Dog, Running Free","['Dog', 'Running Free']","['P', 'not_Q']",CORRECT,83,426,0
17,T18,0,170042,"If a person gets the Senior Discount, they must be Over 65.","Rule: ""If a person gets the Senior Discount, they must be Over 65.""
Cards: ['Discount Taken', 'Over 65', '30 years old', 'Full Price']

Which cards must you turn over?
Your answer:","['Discount Taken', 'Over 65', '30 years old', 'Full Price']","Let’s break this down step by step.  

**Rule:**  
""If a person gets the Senior Discount, they must be Over 65.""  
This is a conditional statement:  
- If Senior Discount → Over 65.  
- Contrapositive: If not Over 65 → not Senior Discount.  

**Cards given:**  
1. Discount Taken  
2. Over 65  
3. 30 years old  
4. Full Price  

We need to interpret what each card means in relation to the rule.  

---

**Step 1 – Identify logical terms in the rule**  
- ""Senior Discount"" = gets the Senior Discount.  
- ""Over 65"" = age > 65.  

The rule says: **Senior Discount → Over 65**.  

---

**Step 2 – Map cards to logical conditions**  
- ""Discount Taken"" → This means the person *is* getting the Senior Discount (since the only discount mentioned in the rule is Senior Discount).  
- ""Over 65"" → This satisfies the consequent (Over 65).  
- ""30 years old"" → This means **not Over 65** (since 30 < 65).  
- ""Full Price"" → This means **not Senior Discount** (since they are paying full price, not getting the discount).  

---

**Step 3 – Apply the Wason selection task logic**  
We check each card to see if we must turn it over to test the rule.  

Rule: **If P (Senior Discount) then Q (Over 65)**.  
We need to check:  
1. **P true** cards → must check Q is true.  
2. **Q false** cards → must check P is false.  

P = Senior Discount.  
Q = Over 65.  

---

**Step 4 – Evaluate each card**  

**Card 1: ""Discount Taken""** → P is true.  
We must verify Q is true (Over 65).  
→ Must turn over.  

**Card 2: ""Over 65""** → Q is true.  
Rule says nothing about what happens if Q is true (could have P true or P false, both allowed).  
→ No need to turn over.  

**Card 3: ""30 years old""** → Q is false (not Over 65).  
We must verify P is false (not Senior Discount).  
→ Must turn over.  

**Card 4: ""Full Price""** → P is false (not Senior Discount).  
Rule says nothing about what happens if P is false (could have Q true or Q false, both allowed).  
→ No need to turn over.  

---

**Step 5 – Conclusion**  
Must turn over: Discount Taken, 30 years old.  

---

ANSWER: Discount Taken, 30 years old","['Discount Taken', '30 years old']","['P', 'not_Q']",CORRECT,88,586,0
17,T18,1,170043,"If a person gets the Senior Discount, they must be Over 65.","Rule: ""If a person gets the Senior Discount, they must be Over 65.""
Cards: ['Over 65', 'Full Price', '30 years old', 'Discount Taken']

Which cards must you turn over?
Your answer:","['Over 65', 'Full Price', '30 years old', 'Discount Taken']","Let’s break this down.  

**Rule:**  
""If a person gets the Senior Discount, they must be Over 65.""  
This is a conditional statement:  
- If Senior Discount → then Over 65.  
- Logically: Senior Discount → Over 65.  

**To test the rule**, we need to check cases that could violate it.  
A violation would be: Senior Discount **and** NOT Over 65.  

So we must check:  
1. Cards that are ""Senior Discount"" (to make sure they are Over 65).  
2. Cards that are **NOT Over 65** (to make sure they are not getting Senior Discount).  

---

**Cards given:**  
- 'Over 65'  
- 'Full Price'  
- '30 years old'  
- 'Discount Taken'  

---

**Step 1 – Identify ""Senior Discount"" case:**  
The rule’s antecedent is ""gets the Senior Discount"".  
On the cards, only ""Discount Taken"" might represent this — but is ""Discount Taken"" necessarily the Senior Discount?  
In the Wason selection task logic, we take the label literally: ""Discount Taken"" means the person has taken *some* discount, possibly the Senior Discount.  
Since the rule is about Senior Discount, we must check any card indicating a discount is taken, because if it’s the Senior Discount, it must satisfy Over 65.  
So ""Discount Taken"" must be turned over to see if the person is Over 65.  

---

**Step 2 – Identify ""NOT Over 65"" case:**  
""Over 65"" card: turning it over is not necessary to check for violation, because if they are Over 65, that doesn’t break the rule even if they get Senior Discount.  
""30 years old"" is clearly NOT Over 65 → must check that this person is not getting Senior Discount.  

---

**Step 3 – Check irrelevant cards:**  
""Full Price"" means not getting Senior Discount → no need to check age, because rule only applies if they get Senior Discount.  

---

**Step 4 – Conclusion:**  
Must turn over:  
1. ""Discount Taken"" (to verify age is Over 65)  
2. ""30 years old"" (to verify they are not getting Senior Discount)  

---

ANSWER: Discount Taken, 30 years old","['Discount Taken', '30 years old']","['P', 'not_Q']",CORRECT,88,491,0
17,T18,2,170044,"If a person gets the Senior Discount, they must be Over 65.","Rule: ""If a person gets the Senior Discount, they must be Over 65.""
Cards: ['Full Price', '30 years old', 'Over 65', 'Discount Taken']

Which cards must you turn over?
Your answer:","['Full Price', '30 years old', 'Over 65', 'Discount Taken']","Let’s break this down.  

**Rule:**  
""If a person gets the Senior Discount, they must be Over 65.""  
This is a conditional statement:  
- If Senior Discount → then Over 65.  
- Logically: Senior Discount ⇒ Over 65.  

**Contrapositive:**  
If not Over 65 ⇒ not Senior Discount.  

**Cards given:**  
1. **Full Price** — This means not Senior Discount.  
   - Rule only applies if Senior Discount is true.  
   - No need to check this card for violation.  

2. **30 years old** — This means not Over 65.  
   - Contrapositive says: If not Over 65 ⇒ not Senior Discount.  
   - We must check that this person is not getting Senior Discount.  
   - So we must turn this card to check the other side.  

3. **Over 65** — This satisfies the consequent (then-part) of the rule.  
   - Rule says: If Senior Discount → Over 65.  
   - If someone is Over 65, they could still get Senior Discount or not; rule doesn’t forbid Over 65 getting Senior Discount.  
   - No need to turn this card for violation.  

4. **Discount Taken** — This could be Senior Discount or some other discount.  
   - Rule says: If Senior Discount → Over 65.  
   - If this is Senior Discount, then the person must be Over 65.  
   - We must check that the person is Over 65.  
   - So we must turn this card to check the other side.  

**Cards to turn over:**  
- 30 years old (to ensure not Senior Discount)  
- Discount Taken (to ensure Over 65 if it’s Senior Discount)  

ANSWER: 30 years old, Discount Taken","['30 years old', 'Discount Taken']","['P', 'not_Q']",CORRECT,88,385,0
17,T18,3,170045,"If a person gets the Senior Discount, they must be Over 65.","Rule: ""If a person gets the Senior Discount, they must be Over 65.""
Cards: ['Discount Taken', 'Full Price', '30 years old', 'Over 65']

Which cards must you turn over?
Your answer:","['Discount Taken', 'Full Price', '30 years old', 'Over 65']","Let’s break this down.  

**Rule:**  
""If a person gets the Senior Discount, they must be Over 65.""  
This is a conditional statement:  
- If **Senior Discount** → then **Over 65**.  
- Logically: Senior Discount → Over 65.  

**Contrapositive:**  
If **not Over 65** → then **not Senior Discount**.  

---

**Cards given:**  
1. **Discount Taken** → This means Senior Discount is true.  
   - To check the rule: If Senior Discount is true, Over 65 must be true.  
   - So we must check the **Over 65** card? Wait, no — we already have the Discount Taken card, so we must verify the person is Over 65. But Over 65 is a separate card in the list.  
   Actually, in the selection task, we turn over cards to check violations.  
   Violation: Senior Discount true AND Over 65 false.  
   So for ""Discount Taken"" card, we must see if the other side says ""not Over 65"".  
   So **turn over Discount Taken** to check age on other side? No — we already see ""Discount Taken"" on this side, so we don’t turn it over to see what’s on this side. We turn over other cards to check the hidden side of *this* card? Wait, that’s not how it works.  

Let’s clarify:  
We have 4 cards, each has a property on front and possibly different property on back. We only see the front. We want to test the rule by turning over only necessary cards to find violations.  

But in the standard Wason selection task, each card shows one side (e.g., ""Discount Taken"") and the other side has the person’s age status.  

Given cards:  
- Discount Taken (visible) → other side has age info.  
- Full Price (visible) → other side has age info.  
- 30 years old (visible) → other side has discount info.  
- Over 65 (visible) → other side has discount info.  

---

**Which cards to turn to check rule ""Senior Discount → Over 65""?**  

We look for possible violations:  
Case where Senior Discount true but Over 65 false.  

1. **Discount Taken** card:  
   - Front: Discount Taken → could be Senior Discount.  
   - If it’s Senior Discount, then back must be Over 65. If back is not Over 65, rule broken.  
   - So must turn **Discount Taken** to check other side’s age.  

2. **Full Price** card:  
   - Front: Full Price → not Senior Discount.  
   - Rule only applies if Senior Discount true. If not Senior Discount, rule says nothing about age.  
   - So no need to turn Full Price.  

3. **30 years old** card:  
   - Front: 30 years old → means not Over 65.  
   - Contrapositive: If not Over 65, then not Senior Discount.  
   - So we must check other side for Senior Discount. If other side says Senior Discount, rule broken.  
   - So must turn **30 years old**.  

4. **Over 65** card:  
   - Front: Over 65 → rule’s consequent is true.  
   - If Over 65 true, rule doesn’t care about discount (could be Senior Discount or not, no violation).  
   - So no need to turn Over 65.  

---

**Cards to turn:** Discount Taken, 30 years old.  

---

ANSWER: Discount Taken, 30 years old","['Discount Taken', '30 years old']","['P', 'not_Q']",CORRECT,88,775,0
17,T18,4,170046,"If a person gets the Senior Discount, they must be Over 65.","Rule: ""If a person gets the Senior Discount, they must be Over 65.""
Cards: ['Full Price', '30 years old', 'Discount Taken', 'Over 65']

Which cards must you turn over?
Your answer:","['Full Price', '30 years old', 'Discount Taken', 'Over 65']","Let’s break this down.  

**Step 1 – Understanding the rule**  
The rule is:  
> If a person gets the Senior Discount, they must be Over 65.  

In logical form:  
If **Senior Discount** → then **Over 65**.  

This is a conditional statement:  
- **P** = gets Senior Discount  
- **Q** = is Over 65  
- Statement: P → Q  

**Step 2 – What must be checked to test the rule**  
To test a conditional rule P → Q, we check:  
1. **Cards where P is true** → must verify Q is true.  
   (If someone gets Senior Discount, check they are Over 65.)  
2. **Cards where Q is false** → must verify P is false.  
   (If someone is not Over 65, check they are not getting Senior Discount.)  

**Step 3 – Translating to the given cards**  
Cards:  
- ‘Full Price’ → This means **not Senior Discount** (P is false).  
- ‘30 years old’ → This means **not Over 65** (Q is false).  
- ‘Discount Taken’ → This means **Senior Discount** (P is true).  
- ‘Over 65’ → This means Q is true.  

**Step 4 – Which cards to turn over**  
We check:  
1. **P true** → ‘Discount Taken’ → must check if Q is true (Over 65).  
   So turn over ‘Discount Taken’.  
2. **Q false** → ‘30 years old’ → must check if P is false (not Senior Discount).  
   So turn over ‘30 years old’.  

**Step 5 – What about the others?**  
- ‘Full Price’ (P false): No requirement from the rule when P is false.  
- ‘Over 65’ (Q true): No requirement from the rule when Q is true.  

So only ‘Discount Taken’ and ‘30 years old’ must be turned over.  

ANSWER: Discount Taken, 30 years old","['Discount Taken', '30 years old']","['P', 'not_Q']",CORRECT,88,440,0
18,T19,0,180042,"If you borrow a Book, you must have a Library Card.","Rule: ""If you borrow a Book, you must have a Library Card.""
Cards: ['Borrowing', 'No Card', 'Has Card', 'Reading inside']

Which cards must you turn over?
Your answer:","['Borrowing', 'No Card', 'Has Card', 'Reading inside']","Let’s break this down step by step.  

**Step 1: Understand the rule**  
Rule: ""If you borrow a Book, you must have a Library Card.""  
In logical form:  
- If **Borrowing** → then **Must have Library Card**.  
- Contrapositive: If **No Library Card** → then **Not Borrowing**.  

**Step 2: Identify what each card represents**  
Cards given:  
1. **Borrowing** → This is the antecedent (the ""borrow a Book"" condition).  
2. **No Card** → This means ""does not have a Library Card"".  
3. **Has Card** → This means ""has a Library Card"".  
4. **Reading inside** → This is unrelated to borrowing or having a card directly (could be reading without borrowing, e.g., reading in library without borrowing).  

**Step 3: Determine which cards must be checked to see if the rule is violated**  
We need to check:  
- **Cards where the antecedent is true** → If someone is borrowing, they must have a card. So check ""Borrowing"" card: on the other side, must see if they have a card. If they don’t, rule is broken.  
- **Cards where the consequent is false** → If someone does not have a card, they must not be borrowing. So check ""No Card"" card: on the other side, must see if they are borrowing. If they are, rule is broken.  

**Step 4: Evaluate each card**  
- **Borrowing**: Must check → because if borrowing, need to ensure they have a card.  
- **No Card**: Must check → because if no card, they must not be borrowing.  
- **Has Card**: No need to check → having a card doesn’t break the rule even if not borrowing (rule doesn’t forbid having a card without borrowing).  
- **Reading inside**: No need to check → rule is about borrowing, not about reading inside. Reading inside without borrowing doesn’t violate the stated rule.  

**Step 5: Conclusion**  
Must turn over: **Borrowing** and **No Card**.  

ANSWER: Borrowing, No Card","['Borrowing', 'No Card']","['P', 'not_Q']",CORRECT,85,469,0
18,T19,1,180043,"If you borrow a Book, you must have a Library Card.","Rule: ""If you borrow a Book, you must have a Library Card.""
Cards: ['No Card', 'Reading inside', 'Borrowing', 'Has Card']

Which cards must you turn over?
Your answer:","['No Card', 'Reading inside', 'Borrowing', 'Has Card']","Let’s break this down.  

**Rule:**  
""If you borrow a Book, you must have a Library Card.""  
Logical form:  
If **borrow a book** → **must have a library card**.  

**Contrapositive:**  
If **do not have a library card** → **must not borrow a book**.  

---

**Cards given:**  
1. **No Card** → This means ""does not have a library card.""  
   From contrapositive: must check that this person is **not borrowing**.  
   So we must turn this card to check the back (what they are doing).  

2. **Reading inside** → This is not ""borrowing a book"" necessarily (could be reading without borrowing).  
   The rule only cares about borrowing → if they are reading inside but not borrowing, rule is not violated.  
   So no need to check this card.  

3. **Borrowing** → This is ""borrow a book"" case.  
   From original rule: if borrowing, must have library card.  
   So we must check this card to see if they have a card.  

4. **Has Card** → This satisfies the requirement for borrowing, but if they have a card, they could be borrowing or not — rule doesn’t forbid having a card and not borrowing.  
   So no need to check this card.  

---

**Must turn over:**  
- **No Card** (to ensure they are not borrowing)  
- **Borrowing** (to ensure they have a card)  

---

ANSWER: No Card, Borrowing","['No Card', 'Borrowing']","['P', 'not_Q']",CORRECT,85,331,0
18,T19,2,180044,"If you borrow a Book, you must have a Library Card.","Rule: ""If you borrow a Book, you must have a Library Card.""
Cards: ['No Card', 'Borrowing', 'Has Card', 'Reading inside']

Which cards must you turn over?
Your answer:","['No Card', 'Borrowing', 'Has Card', 'Reading inside']","Let’s break this down.  

**Step 1: Restate the rule in logical form**  
Rule: ""If you borrow a Book, you must have a Library Card.""  
Let:  
- P = ""borrow a Book""  
- Q = ""have a Library Card""  

Rule: **If P, then Q** (P → Q)  

**Step 2: Identify what each card represents**  
Cards given:  
1. ""No Card"" → This means **not Q** (does not have a Library Card)  
2. ""Borrowing"" → This means **P** (borrowing a Book)  
3. ""Has Card"" → This means **Q** (has a Library Card)  
4. ""Reading inside"" → This means **not P** (not borrowing a Book — just reading inside, not borrowing)  

**Step 3: Determine which cards must be checked to test the rule**  
For a conditional statement P → Q, the only way it can be violated is if **P is true and Q is false**.  
So we must check:  
- Any card where **P is true** (to make sure Q is also true for that case)  
- Any card where **Q is false** (to make sure P is not true for that case)  

**Step 4: Apply to each card**  
- ""No Card"" → Q is false → Must check: if P is true for this case, rule is broken. So turn over.  
- ""Borrowing"" → P is true → Must check: if Q is false for this case, rule is broken. So turn over.  
- ""Has Card"" → Q is true → No need to turn over: even if P is true or false, rule is not broken (if P true, Q true is fine; if P false, irrelevant).  
- ""Reading inside"" → P is false → No need to turn over: rule only applies if P is true.  

**Step 5: Conclusion**  
Must turn over: ""No Card"" and ""Borrowing"".  

ANSWER: No Card, Borrowing","['No Card', 'Borrowing']","['P', 'not_Q']",CORRECT,85,447,0
18,T19,3,180045,"If you borrow a Book, you must have a Library Card.","Rule: ""If you borrow a Book, you must have a Library Card.""
Cards: ['Borrowing', 'Has Card', 'No Card', 'Reading inside']

Which cards must you turn over?
Your answer:","['Borrowing', 'Has Card', 'No Card', 'Reading inside']","Let’s break this down.  

The rule is:  
**If you borrow a Book, you must have a Library Card.**  

In logic terms:  
- If **borrow a Book** (P), then **must have a Library Card** (Q).  
- Contrapositive: If **not have a Library Card** (not Q), then **not borrow a Book** (not P).  

We need to check violations:  
1. **Borrowing a Book without a Library Card** → violates rule.  
2. **Having a Library Card but not borrowing a Book** → does not violate rule (rule doesn’t require borrowing if you have a card).  

---

**Cards given:**  
- **Borrowing** → This is P (borrowing a Book). Must check if they have a Library Card.  
- **Has Card** → This is Q (has Library Card). No need to check back side because rule only says if borrowing then must have card, not the reverse.  
- **No Card** → This is not Q. Must check if they are borrowing a Book (if they are, it’s a violation).  
- **Reading inside** → This is unrelated to “borrowing a Book” or “having a Library Card” in the rule’s condition, so no need to check.  

---

**Which to turn over:**  
1. **Borrowing** (to check if they have a Library Card on the other side).  
2. **No Card** (to check if they are borrowing a Book on the other side).  

---

ANSWER: Borrowing, No Card","['Borrowing', 'No Card']","['P', 'not_Q']",CORRECT,85,337,0
18,T19,4,180046,"If you borrow a Book, you must have a Library Card.","Rule: ""If you borrow a Book, you must have a Library Card.""
Cards: ['No Card', 'Reading inside', 'Has Card', 'Borrowing']

Which cards must you turn over?
Your answer:","['No Card', 'Reading inside', 'Has Card', 'Borrowing']","Let’s break this down.  

The rule is:  
**If you borrow a Book, you must have a Library Card.**  

In logical terms:  
Let \( B \) = ""borrow a Book""  
Let \( L \) = ""have a Library Card""  

Rule: \( B \rightarrow L \) (If B, then L)  

To check violations of this rule, we need to find cases where \( B \) is true but \( L \) is false.  
That means we must turn over any card that could possibly be a case of \( B \) without \( L \).  

---

**Cards given:**  
1. **No Card** → This means \( L \) is false.  
   If on the other side it says ""Borrowing"" (B true), that violates the rule.  
   So we must check this card.  

2. **Reading inside** → This is not necessarily ""Borrowing a Book"" (B might be false).  
   The rule only cares about borrowing, not reading inside.  
   If the other side says ""Borrowing"", that would be B true, but we don’t know yet.  
   But the rule says: if B then L. If B is false, no violation regardless of L.  
   So if this card’s other side is ""Borrowing"", we’d need to check if L is true. But we don’t know L from this side.  
   Actually, wait — from this side, we see ""Reading inside"". That’s not B.  
   So the other side could be ""Has Card"" or ""No Card"" or something else — but the rule only triggers if B is true.  
   Since this side is not B, the other side’s L status doesn’t matter for violation?  
   But we don’t know the other side’s B/L status from this side.  
   Let’s think carefully:  

   We only need to turn over cards if they *could* violate B → L.  
   Two types of cards to turn:  
   - Those that show B (must check L is true)  
   - Those that show not L (must check B is false)  

   ""Reading inside"" is not necessarily B. It could be ""not B"".  
   So if the other side is ""No Card"" (not L), that’s fine because B is false.  
   So no need to check this card.  

3. **Has Card** → This is L true.  
   If the other side is B false or B true, rule is satisfied either way (since L is true).  
   So no need to check.  

4. **Borrowing** → This is B true.  
   Must check that L is true.  
   So we must turn this card to see if other side says ""Has Card"" or ""No Card"".  

---

So necessary cards to turn:  
- **No Card** (because L false, need to check if B true)  
- **Borrowing** (because B true, need to check if L true)  

---

ANSWER: No Card, Borrowing","['No Card', 'Borrowing']","['P', 'not_Q']",CORRECT,85,660,0
19,T20,0,190042,"If you light a Fire, you must have a Permit.","Rule: ""If you light a Fire, you must have a Permit.""
Cards: ['Has Permit', 'Lit Fire', 'Set up Tent', 'No Permit']

Which cards must you turn over?
Your answer:","['Has Permit', 'Lit Fire', 'Set up Tent', 'No Permit']","Let’s break this down.  

The rule is:  
**If you light a Fire, you must have a Permit.**  
This can be written in logic as:  
Light Fire → Has Permit  

We need to check for violations.  
A violation occurs when someone **lights a fire** but **does not have a permit**.  

So we must check:  
1. Cards where **Light Fire** is true → check the back for ""Has Permit"" or not.  
2. Cards where **Has Permit** is false → check the back for ""Light Fire"" or not.  

---

**Cards given:**  
- Has Permit  
- Lit Fire  
- Set up Tent  
- No Permit  

---

**Step 1 – Identify relevant cards for checking the rule:**  

- **""Lit Fire""** → This is the antecedent true (Light Fire). We must check if the person has a permit. So we must turn this card to see if the back says ""Has Permit"" or not.  

- **""No Permit""** → This is the consequent false (does not have a permit). We must check if the person lit a fire. So we must turn this card to see if the back says ""Lit Fire"" or not.  

---

**Step 2 – Check other cards:**  

- **""Has Permit""** → This is the consequent true. The rule says nothing about what happens if you have a permit (you could light a fire or not, both allowed). So no need to turn.  

- **""Set up Tent""** → This is unrelated to the antecedent (Light Fire) and unrelated to the consequent (Has Permit). The rule doesn’t mention tents, so no need to turn.  

---

**Step 3 – Conclusion:**  
We must turn over **Lit Fire** and **No Permit**.  

---

ANSWER: Lit Fire, No Permit","['Lit Fire', 'No Permit']","['P', 'not_Q']",CORRECT,84,386,0
19,T20,1,190043,"If you light a Fire, you must have a Permit.","Rule: ""If you light a Fire, you must have a Permit.""
Cards: ['Lit Fire', 'Has Permit', 'No Permit', 'Set up Tent']

Which cards must you turn over?
Your answer:","['Lit Fire', 'Has Permit', 'No Permit', 'Set up Tent']","Let’s reason through it step by step.  

The rule is:  
**""If you light a Fire, you must have a Permit.""**  

In logical terms:  
Light Fire → Has Permit.  
This is equivalent to:  
If ""Light Fire"" is true, then ""Has Permit"" must be true.  
The only violation is: Light Fire **and** Not Has Permit.  

We are checking each card to see if flipping it could reveal a violation.  

**Cards:**  

1. **""Lit Fire""** – This corresponds to ""Light Fire"" being true.  
   If we turn it over and find the person has ""No Permit"" on the other side, that violates the rule.  
   So we **must turn it** to check if on the reverse there’s ""No Permit"".  

2. **""Has Permit""** – This is the consequent (Permit true).  
   Flipping it: even if on the other side there’s ""Lit Fire"", that’s fine (Fire + Permit obeys the rule).  
   If the other side is ""No Fire"", that’s also fine.  
   So no possible violation can be discovered by flipping this. **Do not need to turn**.  

3. **""No Permit""** – This corresponds to ""Has Permit"" false.  
   If we flip and find on the other side it says ""Lit Fire"", that’s a violation (Fire + No Permit).  
   So **must turn it** to check if Fire is on the reverse.  

4. **""Set up Tent""** – This is irrelevant to the rule; the rule only mentions Fire and Permit.  
   Even if the other side says ""No Permit"" or ""Has Permit"", neither violates the rule unless Fire is involved.  
   So **do not need to turn**.  

Therefore, must turn over: **""Lit Fire""** and **""No Permit""**.  

ANSWER: Lit Fire, No Permit","['Lit Fire', 'No Permit']","['P', 'not_Q']",CORRECT,84,413,0
19,T20,2,190044,"If you light a Fire, you must have a Permit.","Rule: ""If you light a Fire, you must have a Permit.""
Cards: ['Set up Tent', 'Has Permit', 'Lit Fire', 'No Permit']

Which cards must you turn over?
Your answer:","['Set up Tent', 'Has Permit', 'Lit Fire', 'No Permit']","Let’s break this down.  

**Rule:**  
""If you light a Fire, you must have a Permit.""  
Logical form:  
Light Fire → Has Permit  

**Contrapositive:**  
If not Has Permit → not Light Fire  

---

**Cards:**  
1. Set up Tent  
2. Has Permit  
3. Lit Fire  
4. No Permit  

---

**Check each card for whether turning it over could reveal a violation:**  

- **Set up Tent**  
  This is not ""Light Fire"" and not about ""Permit"" in the antecedent.  
  The rule only cares about cases where you *light a fire*.  
  If you turn this card, maybe on the other side it says ""Lit Fire"" or ""No Permit"" — but the rule doesn’t say anything about tent → permit.  
  So irrelevant to checking violations.  
  → **Do not need to turn.**

- **Has Permit**  
  This satisfies the consequent (Has Permit).  
  If you turn it over, maybe on the other side it says ""Lit Fire"" — that’s fine (fire with permit is allowed).  
  Or maybe it says ""Did not light fire"" — also fine.  
  No possible violation from turning this card, because having a permit never breaks the rule.  
  → **Do not need to turn.**

- **Lit Fire**  
  This matches the antecedent (Light Fire).  
  Rule says: if Lit Fire → must have Permit.  
  So we must check the other side to see if it actually has a permit.  
  If the other side says ""No Permit"", that’s a violation.  
  → **Must turn.**

- **No Permit**  
  This matches ""not Has Permit"".  
  Contrapositive: If not Has Permit → must not Light Fire.  
  So we must check the other side to see if it says ""Lit Fire"".  
  If it does, that’s a violation.  
  → **Must turn.**

---

**Final answer:**  
ANSWER: Lit Fire, No Permit","['Lit Fire', 'No Permit']","['P', 'not_Q']",CORRECT,84,430,0
19,T20,3,190045,"If you light a Fire, you must have a Permit.","Rule: ""If you light a Fire, you must have a Permit.""
Cards: ['Set up Tent', 'No Permit', 'Has Permit', 'Lit Fire']

Which cards must you turn over?
Your answer:","['Set up Tent', 'No Permit', 'Has Permit', 'Lit Fire']","Let's break down the rule and the cards step by step.

**Rule:** ""If you light a Fire, you must have a Permit.""  
This is a conditional statement:  
- Action: lighting a fire  
- Condition: having a permit  
- Logical form: If P (""light a fire"") then Q (""have a permit"").

In terms of checking the rule with cards, we only need to test cases that could violate the rule.

Violations occur if:
1. Someone lights a fire but does NOT have a permit.  
   So we check cards where P is true (light fire) and see if Q is false (no permit).  
   Therefore, one card to check is ""Lit Fire"" (because if fire is lit, we must verify that they have a permit).

2. Alternatively, if someone does NOT have a permit, we must ensure they did NOT light a fire.  
   But logically, the rule does not forbid someone without a permit from not lighting a fire — the rule only says if fire is lit, permit must exist. So checking ""No Permit"" only matters if that person might have lit a fire. But we can't know if they lit a fire unless we check the ""Lit Fire"" card. So we don't need to check ""No Permit"" unless they are lighting a fire. However, ""No Permit"" is a Q false case, but we need to check if P (light fire) is true for them. So we need to check cards where Q is false, meaning we need to see if P is true for those cards. That's actually the second type of violation: Q false (no permit) AND P true (lit fire). So ""No Permit"" could be paired with ""Lit Fire"", but we can't pair them — each card represents a separate situation. So in the selection task, if we see a card ""No Permit"", we must turn it over to see if on the other side it says ""Lit Fire"" (or something implying they lit a fire).

Similarly, cards that don't match P or Q negation aren't relevant:
- ""Set up Tent"" → Not lighting a fire (not P), so rule doesn't apply, no need to check.
- ""Has Permit"" → This is Q true; even if they lit a fire, they comply. No need to check because rule only requires permit when fire is lit, but if they have permit, lighting a fire would be okay. However, if they have permit, we still need to check if they lit a fire? No, because if they have permit, they satisfy the condition even if they lit a fire. So turning over ""Has Permit"" tells us nothing about violation (P true and Q false can't happen if Q is true already). So not necessary.

Thus, the cards to check for possible violation:
1. **Lit Fire** → Because P is true, must check Q (do they have permit?).  
   Must turn over to see if other side says ""No Permit"".
2. **No Permit** → Because Q is false, must check if P is true (did they light fire?).  
   Must turn over to see if other side says ""Lit Fire"".

""Set up Tent"" → irrelevant (not P).  
""Has Permit"" → irrelevant (Q true).

Therefore, must turn over **Lit Fire** and **No Permit**.

ANSWER: Lit Fire, No Permit","['Lit Fire', 'No Permit']","['P', 'not_Q']",CORRECT,84,699,0
19,T20,4,190046,"If you light a Fire, you must have a Permit.","Rule: ""If you light a Fire, you must have a Permit.""
Cards: ['Lit Fire', 'No Permit', 'Set up Tent', 'Has Permit']

Which cards must you turn over?
Your answer:","['Lit Fire', 'No Permit', 'Set up Tent', 'Has Permit']","Let’s break this down.  

The rule is:  
**If you light a Fire, you must have a Permit.**  
In logical form:  
Light Fire → Has Permit.  

This is equivalent to:  
If Light Fire is true, then Has Permit must be true.  
Contrapositive: If not Has Permit, then not Light Fire.  

We check each card to see if violating the rule is possible:  

1. **Lit Fire** → Must check if the person has a Permit. If they don’t, the rule is broken. So we must turn this card.  
2. **No Permit** → Must check if they lit a Fire. If they did, the rule is broken (because no permit but lit fire). So we must turn this card.  
3. **Set up Tent** → Lighting a Fire is not mentioned; rule only applies if they lit a Fire. Tent has no bearing, so no need to turn.  
4. **Has Permit** → If they have a permit, the rule is satisfied regardless of whether they lit a fire (the rule doesn’t forbid lighting a fire without a permit? Wait, it does: it says if you light a fire, you must have a permit. Having a permit doesn’t mean they lit a fire, so no violation possible from this card alone). So no need to turn.  

So only **Lit Fire** and **No Permit** must be turned.  

ANSWER: Lit Fire, No Permit","['Lit Fire', 'No Permit']","['P', 'not_Q']",CORRECT,84,306,0
20,T21,0,200042,"If the light is Red, the car must Stop.","Rule: ""If the light is Red, the car must Stop.""
Cards: ['Moving', 'Stopped', 'Green Light', 'Red Light']

Which cards must you turn over?
Your answer:","['Moving', 'Stopped', 'Green Light', 'Red Light']","Let's break this down.

The rule is: **""If the light is Red, the car must Stop.""**

This is a conditional statement of the form: **If P (Red Light), then Q (Stop)**.

In logic card verification tasks, we need to check cards that could potentially violate the rule.  
We check:

1. **Cards where P is true** (Red Light) → must verify Q is true (Stop).
2. **Cards where Q is false** (Not Stop) → must verify P is false (Not Red Light).

---

**Cards given:**

- ""Moving"" → This means **Stop is false** (Q false).  
  We must check if P (Red Light) is true for this card; if it is, rule is broken. So we need to turn ""Moving"" to check.

- ""Stopped"" → This means Q is true.  
  Rule says if Red Light, then Stop — but Stop being true doesn’t violate rule regardless of light color. No need to check P here. So no turn.

- ""Green Light"" → This means P is false (not Red Light).  
  If P false, rule doesn’t apply, no need to check Q. So no turn.

- ""Red Light"" → This means P is true.  
  We must check Q: if card says ""Red Light"", is Q (Stop) true? If not, rule broken. So we turn this card.

---

**Summary:**

Must turn:  
- ""Red Light"" (to see if car stopped)  
- ""Moving"" (to see if light is red)  

Not needed:  
- ""Stopped"" (Q true, rule satisfied regardless of P)  
- ""Green Light"" (P false, rule not applicable)

---

ANSWER: Red Light, Moving","['Red Light', 'Moving']","['P', 'not_Q']",CORRECT,82,378,0
20,T21,1,200043,"If the light is Red, the car must Stop.","Rule: ""If the light is Red, the car must Stop.""
Cards: ['Stopped', 'Green Light', 'Moving', 'Red Light']

Which cards must you turn over?
Your answer:","['Stopped', 'Green Light', 'Moving', 'Red Light']","Let’s break this down.  

The rule is:  
**If the light is Red, the car must Stop.**  
This is a conditional statement of the form: **If P, then Q**, where:  
- **P** = ""the light is Red""  
- **Q** = ""the car must Stop""  

To test whether the rule is being followed, we need to check for violations.  
A violation occurs when **P is true but Q is false** (i.e., light is Red, but car is not Stopped).  

We have four cards:  

1. **Stopped** → This is about Q (the car’s action).  
   - If the car is Stopped, Q is true.  
   - We don’t care if P is true or false when Q is true (no violation possible from this card alone).  
   - So we **do not** need to turn this card.  

2. **Green Light** → This is about P (light color).  
   - Green Light means P is false.  
   - If P is false, the rule says nothing about Q, so no violation.  
   - So we **do not** need to turn this card.  

3. **Moving** → This is about Q (the car’s action).  
   - Moving means Q is false (car is not Stopped).  
   - If Q is false, we must check if P is true. If P is true (light is Red), then we have a violation.  
   - So we **must** turn this card to check the light color on the other side.  

4. **Red Light** → This is about P (light color).  
   - Red Light means P is true.  
   - If P is true, Q must be true (car must be Stopped).  
   - So we **must** turn this card to check if the car is Stopped.  

Thus, the cards to turn over are: **Moving** and **Red Light**.  

ANSWER: Moving, Red Light","['Moving', 'Red Light']","['P', 'not_Q']",CORRECT,82,431,0
20,T21,2,200044,"If the light is Red, the car must Stop.","Rule: ""If the light is Red, the car must Stop.""
Cards: ['Green Light', 'Red Light', 'Stopped', 'Moving']

Which cards must you turn over?
Your answer:","['Green Light', 'Red Light', 'Stopped', 'Moving']","Let’s break this down step by step.  

**Rule:**  
""If the light is Red, the car must Stop.""  
This is a conditional statement of the form:  
If **P** (light is Red), then **Q** (car must Stop).  

**Logical structure:**  
- P → Q  
- Contrapositive: not Q → not P (also must be true)  
.  
We are checking for possible violations:  
A violation would be **P true and Q false** (Red light but not Stopped).  

**Cards given:**  
1. **Green Light** → This is ""not P"" (light is not Red).  
   - If not P, the rule says nothing about Q, so no violation possible regardless of Q.  
   - So we don’t need to check this card for a violation.  

2. **Red Light** → This is ""P"" (light is Red).  
   - We must check the other side to ensure Q is true (car is Stopped).  
   - If the other side is ""Moving"", that’s a violation.  
   - So we must turn this card over.  

3. **Stopped** → This is ""Q"" (car is Stopped).  
   - If Q is true, P could be true or false; both are allowed by the rule.  
   - No violation here regardless of P, because rule only says if P then Q, not ""if Q then P"".  
   - So we don’t need to check this card.  

4. **Moving** → This is ""not Q"" (car is not Stopped).  
   - If not Q, then by contrapositive, not P must be true (light not Red).  
   - If the other side is ""Red Light"", that’s a violation (P true and Q false).  
   - So we must turn this card over.  

**Conclusion:**  
We must turn over **Red Light** and **Moving**.  

ANSWER: Red Light, Moving","['Red Light', 'Moving']","['P', 'not_Q']",CORRECT,82,425,0
20,T21,3,200045,"If the light is Red, the car must Stop.","Rule: ""If the light is Red, the car must Stop.""
Cards: ['Stopped', 'Moving', 'Green Light', 'Red Light']

Which cards must you turn over?
Your answer:","['Stopped', 'Moving', 'Green Light', 'Red Light']","Let’s break this down step by step.

**Rule:**  
""If the light is Red, the car must Stop.""  
This is a conditional statement of the form:  
If **P** (light is Red), then **Q** (car must Stop).  
In logic: P → Q.

**Cards given:**  
1. Stopped  
2. Moving  
3. Green Light  
4. Red Light  

We need to check which cards must be turned over to test whether the rule is being violated.  
A violation of P → Q occurs when **P is true and Q is false**.  
So we need to check:  
- Cases where **P is true** (light is Red) → must verify Q is true (Stopped).  
- Cases where **Q is false** (car not Stopped) → must verify P is false (light not Red).  

**Mapping to cards:**  
- ""Stopped"" → This means Q is true.  
  If Q is true, the rule P → Q is automatically satisfied regardless of P, so no need to check P for this card.  
  → **Do not need to turn**.

- ""Moving"" → This means Q is false (car is not Stopped).  
  If Q is false, we must check P: if P is true (light is Red), then violation.  
  So we must turn to see if the light is Red.  
  → **Must turn**.

- ""Green Light"" → This means P is false (light is not Red).  
  If P is false, P → Q is automatically true regardless of Q, so no need to check Q.  
  → **Do not need to turn**.

- ""Red Light"" → This means P is true.  
  If P is true, we must check Q: if Q is false (car not Stopped), then violation.  
  So we must turn to see if the car Stopped.  
  → **Must turn**.

**Conclusion:**  
Must turn over: ""Moving"" and ""Red Light"".

ANSWER: Moving, Red Light","['Moving', 'Red Light']","['P', 'not_Q']",CORRECT,82,434,0
20,T21,4,200046,"If the light is Red, the car must Stop.","Rule: ""If the light is Red, the car must Stop.""
Cards: ['Green Light', 'Stopped', 'Red Light', 'Moving']

Which cards must you turn over?
Your answer:","['Green Light', 'Stopped', 'Red Light', 'Moving']","Let’s reason through this step by step.  

1. The rule is: ""If the light is Red, the car must Stop.""  
   This is a conditional statement of the form:  
   If **P** (light is Red), then **Q** (car must Stop).  

2. The logical structure means we need to check for violations.  
   A violation would occur if **P is true** (Red Light) and **Q is false** (car is NOT Stopped).  
   So we must test:  
   - Any card showing **Red Light** (P true) to see if it is NOT Stopped.  
   - Any card showing **NOT Stopped** (Q false) to see if it is Red Light.  

3. Cards:  
   - 'Green Light' → **P false** (light not Red) → no need to check, because rule only applies when P is true.  
   - 'Stopped' → **Q true** → no need to check, because rule says if Red then Stop; we’re not concerned with cases where Stop happens without Red.  
   - 'Red Light' → **P true** → must check the other side to ensure it is Stopped.  
   - 'Moving' → **Q false** → must check the other side to ensure it is NOT Red Light (because if it is Red, then violation).  

4. So the cards to turn over are:  
   - 'Red Light' (to confirm the car is Stopped)  
   - 'Moving' (to confirm the light is NOT Red)  

5. 'Green Light' and 'Stopped' don’t need to be turned over because they cannot violate the rule:  
   - Green Light: antecedent false, rule not applicable.  
   - Stopped: consequent true, so even if light is Red, it’s fine; if light is Green, it’s fine.  

ANSWER: Red Light, Moving","['Red Light', 'Moving']","['P', 'not_Q']",CORRECT,82,413,0
21,T22,0,210042,"If you enter the Clean Room, you must wear a Suit.","Rule: ""If you enter the Clean Room, you must wear a Suit.""
Cards: ['Street Clothes', 'In Office', 'Wearing Suit', 'Entering Room']

Which cards must you turn over?
Your answer:","['Street Clothes', 'In Office', 'Wearing Suit', 'Entering Room']","Let's break down the rule:  
""If you enter the Clean Room, you must wear a Suit.""  

This is a conditional statement:  
- If **P** (""you enter the Clean Room"") → then **Q** (""you must wear a Suit"").  
In logic, to check if the rule is being followed, we look for violations:  
1. Cases where **P** is true but **Q** is false (enter Clean Room, but not wearing a Suit).  
2. Cases where **Q** is false? Not relevant unless **P** is true.  
3. Cases where **P** is false? No requirement applies — rule doesn’t care if you are not entering the Clean Room.

From the cards:  
- ""Street Clothes"" → This means not wearing a suit (Q false).  
- ""In Office"" → Not entering the Clean Room (P false).  
- ""Wearing Suit"" → Q true.  
- ""Entering Room"" → Possibly P true? But not specifically ""Clean Room""?  
The rule says ""enter the Clean Room"" — so ""Entering Room"" could be ambiguous. Typically, in such tests, we assume the card's description is about the action in the rule unless explicitly different. Here ""Entering Room"" could be interpreted as ""Entering Clean Room"" if we assume the context, or we might need to check it because if it’s the Clean Room, P is true.

For violations:  
- Need to check any card where **P** could be true (Entering Room) to see if Q is true.  
- Need to check any card where **Q** is false (Street Clothes) to see if P is true.  

So cards to turn over:  
1. ""Entering Room"" (to verify if they are wearing a suit — if entering Clean Room, must check Q).  
2. ""Street Clothes"" (to verify if they are entering Clean Room — if Q false, must check P).  

Other cards:  
- ""In Office"" → P false, so no need to check (rule not applicable).  
- ""Wearing Suit"" → Q true, so even if P true, rule satisfied; no need to check.  

ANSWER: Entering Room, Street Clothes","['Entering Room', 'Street Clothes']","['P', 'not_Q']",CORRECT,89,479,0
21,T22,1,210043,"If you enter the Clean Room, you must wear a Suit.","Rule: ""If you enter the Clean Room, you must wear a Suit.""
Cards: ['Street Clothes', 'In Office', 'Entering Room', 'Wearing Suit']

Which cards must you turn over?
Your answer:","['Street Clothes', 'In Office', 'Entering Room', 'Wearing Suit']","Let’s break this down.  

The rule is:  
**If you enter the Clean Room, you must wear a Suit.**  

In logical form:  
If **P** (enter Clean Room), then **Q** (wear a Suit).  

The cards are:  

1. **Street Clothes** → This describes clothing, not action. Could mean not wearing a suit.  
   - This is **not Q** (not wearing a suit).  
   - To check violation: if not Q, we must check if P is true (entering Clean Room).  
   - So we must turn this card if it could be paired with P being true.  

2. **In Office** → This describes location, not necessarily entering Clean Room.  
   - This is **not P** (not entering Clean Room).  
   - The rule says nothing about when not P, so no need to check.  

3. **Entering Room** → This is **P** (entering Clean Room).  
   - If P is true, we must check Q (wearing a suit).  
   - So we must turn this card to see if Q holds.  

4. **Wearing Suit** → This is **Q** (wearing a suit).  
   - If Q is true, the rule could still be satisfied even if P is false, so no violation.  
   - So no need to turn this card.  

From logic (Wason selection task):  
We check **P** (to see if Q is false) and **not Q** (to see if P is true).  

Here:  
- **P** = “Entering Room” → must check.  
- **not Q** = “Street Clothes” (assuming it means not wearing a suit) → must check.  
- Others: “In Office” (not P) and “Wearing Suit” (Q) → no need to check.  

ANSWER: Entering Room, Street Clothes","['Entering Room', 'Street Clothes']","['P', 'not_Q']",CORRECT,89,416,0
21,T22,2,210044,"If you enter the Clean Room, you must wear a Suit.","Rule: ""If you enter the Clean Room, you must wear a Suit.""
Cards: ['In Office', 'Entering Room', 'Street Clothes', 'Wearing Suit']

Which cards must you turn over?
Your answer:","['In Office', 'Entering Room', 'Street Clothes', 'Wearing Suit']","Let’s break this down.  

The rule is:  
**If you enter the Clean Room, you must wear a Suit.**  

In logical form:  
If **P** (enter Clean Room), then **Q** (wear a Suit).  

The contrapositive is:  
If **not Q** (not wearing a Suit), then **not P** (not entering Clean Room).  

To check for violations, we must test:  
1. **P and not Q** — someone entering the Clean Room but not wearing a Suit.  
2. Also, we don’t need to check cases where **not P** or where **Q** is true, unless we suspect the rule might be biconditional (it’s not).  

---

**Cards given:**  
- **In Office** → This is **not P** (not entering Clean Room). No need to check.  
- **Entering Room** → This is **P** (entering Clean Room). Must check the other side: are they wearing a Suit? If not, rule broken. So **turn this card**.  
- **Street Clothes** → This is **not Q** (not wearing a Suit). Must check: are they entering the Clean Room? If yes, rule broken. So **turn this card**.  
- **Wearing Suit** → This is **Q** (wearing a Suit). No need to check, because rule says nothing about what happens if wearing a Suit.  

---

**Cards to turn over:**  
Entering Room, Street Clothes  

---

ANSWER: Entering Room, Street Clothes","['Entering Room', 'Street Clothes']","['P', 'not_Q']",CORRECT,89,341,0
21,T22,3,210045,"If you enter the Clean Room, you must wear a Suit.","Rule: ""If you enter the Clean Room, you must wear a Suit.""
Cards: ['In Office', 'Entering Room', 'Wearing Suit', 'Street Clothes']

Which cards must you turn over?
Your answer:","['In Office', 'Entering Room', 'Wearing Suit', 'Street Clothes']","Let’s break this down.  

The rule is:  
**If you enter the Clean Room, you must wear a Suit.**  

In logical form:  
If **P** (enter Clean Room), then **Q** (wear a Suit).  

Contrapositive:  
If **not Q** (not wearing a Suit), then **not P** (not entering Clean Room).  

We check each card to see if violating the rule is possible:  

1. **In Office** → This is **not P** (not entering Clean Room) and says nothing about Q.  
   - No need to check, because rule only says what happens if P is true.  

2. **Entering Room** → This is **P** (entering Clean Room).  
   - Must check Q: is the person wearing a Suit? If not, rule broken.  
   - So **must turn this card** to check the other side.  

3. **Wearing Suit** → This is **Q** (wearing a Suit).  
   - Rule says if P then Q, but if Q is true, P could be true or false — no violation.  
   - So **no need to turn** (could be entering or not entering, both allowed).  

4. **Street Clothes** → This means **not Q** (not wearing a Suit).  
   - Contrapositive: if not Q, then not P.  
   - Must check P: is the person entering the Clean Room? If yes, rule broken.  
   - So **must turn this card** to check the other side.  

Cards to turn over: **Entering Room** and **Street Clothes**.  

ANSWER: Entering Room, Street Clothes","['Entering Room', 'Street Clothes']","['P', 'not_Q']",CORRECT,89,368,0
21,T22,4,210046,"If you enter the Clean Room, you must wear a Suit.","Rule: ""If you enter the Clean Room, you must wear a Suit.""
Cards: ['Street Clothes', 'Entering Room', 'Wearing Suit', 'In Office']

Which cards must you turn over?
Your answer:","['Street Clothes', 'Entering Room', 'Wearing Suit', 'In Office']","Let’s break this down.  

The rule is:  
**If you enter the Clean Room, you must wear a Suit.**  

In logical form:  
If **P** (enter Clean Room), then **Q** (wear a Suit).  

Contrapositive: If not **Q** (not wearing a Suit), then not **P** (not entering Clean Room).  

We check each card to see if violating the rule is possible:  

1. **Street Clothes** → This means *not wearing a Suit* (¬Q).  
   To check violation: If someone is not wearing a Suit, they must not be entering the Clean Room.  
   So we must verify they are **not** entering the Clean Room.  
   Must turn over? **Yes** (to check if they are entering the Clean Room).  

2. **Entering Room** → This means **P** (entering Clean Room).  
   To check violation: If they are entering, they must be wearing a Suit.  
   So we must verify they are wearing a Suit.  
   Must turn over? **Yes** (to check if Q is true).  

3. **Wearing Suit** → This means **Q** (wearing a Suit).  
   If Q is true, the rule says nothing about P (they could be entering or not entering; no violation from this card alone).  
   Must turn over? **No** (no possible violation to check).  

4. **In Office** → This means *not entering the Clean Room* (¬P).  
   If ¬P is true, the rule says nothing about Q (they could wear a Suit or not; no violation).  
   Must turn over? **No**.  

So the cards to turn over are: **Entering Room** and **Street Clothes**.  

ANSWER: Entering Room, Street Clothes","['Entering Room', 'Street Clothes']","['P', 'not_Q']",CORRECT,89,401,0
22,T23,0,220042,"If you buy Cigarettes, you must show Proof of Age.","Rule: ""If you buy Cigarettes, you must show Proof of Age.""
Cards: ['Buying Gum', 'Showed ID', 'No ID', 'Buying Cigs']

Which cards must you turn over?
Your answer:","['Buying Gum', 'Showed ID', 'No ID', 'Buying Cigs']","Let’s break this down.  

The rule is:  
**If you buy Cigarettes, you must show Proof of Age.**  
In logic terms:  
- If P (buy cigarettes) then Q (show proof of age).  
- Contrapositive: If not Q (did not show proof of age) then not P (did not buy cigarettes).  

We check each card:  

1. **Buying Gum** → This is “not P” (not buying cigarettes).  
   - P → Q rule doesn’t force us to check “not P” cases, because the rule says nothing about what happens if you’re not buying cigarettes.  
   - So no need to turn.  

2. **Showed ID** → This is “Q” (showed proof of age).  
   - If Q is true, P could be true or false; the rule doesn’t require P to be true just because Q is true.  
   - So no need to turn.  

3. **No ID** → This is “not Q” (did not show proof of age).  
   - Contrapositive says: If not Q, then not P.  
   - We must check that this person is **not buying cigarettes** (P false). If they are buying cigarettes, the rule is broken.  
   - So must turn.  

4. **Buying Cigs** → This is “P” (buying cigarettes).  
   - Rule says: If P, then Q.  
   - We must check that this person **showed proof of age** (Q true).  
   - So must turn.  

**Cards to turn over:** Buying Cigs, No ID.  

ANSWER: Buying Cigs, No ID","['Buying Cigs', 'No ID']","['P', 'not_Q']",CORRECT,89,362,0
22,T23,1,220043,"If you buy Cigarettes, you must show Proof of Age.","Rule: ""If you buy Cigarettes, you must show Proof of Age.""
Cards: ['Buying Gum', 'Buying Cigs', 'No ID', 'Showed ID']

Which cards must you turn over?
Your answer:","['Buying Gum', 'Buying Cigs', 'No ID', 'Showed ID']","Let’s break it down step by step.  

**Rule:** ""If you buy Cigarettes, you must show Proof of Age.""  
This is a conditional statement:  
- If \( P \) (buy cigarettes) → then \( Q \) (show proof of age).  
- In logical terms: \( P \implies Q \)  

We need to check for violations:  
A violation would be when **P is true** (buy cigarettes) **and Q is false** (did not show proof of age).  
So we must examine:  
1. Cases where **P is true** — to verify **Q is true**.  
2. Cases where **Q is false** — to verify **P is false**.  

**Cards given:**  
- ""Buying Gum"" → This is not buying cigarettes → \( P \) is false.  
   No violation possible here because \( P \implies Q \) only cares about \( P \) being true.  
   → No need to check this card.  

- ""Buying Cigs"" → This is \( P \) true.  
   Must check whether \( Q \) (show proof of age) is true on other side.  
   → Must turn over.  

- ""No ID"" → This means proof of age not shown → \( Q \) false.  
   Need to verify \( P \) is false (not buying cigarettes) on other side.  
   → Must turn over.  

- ""Showed ID"" → This is \( Q \) true.  
   Rule says if \( P \) is true, then \( Q \) true — but \( Q \) being true doesn't tell us anything about \( P \).  
   Could be buying gum (\( P \) false) or buying cigs (\( P \) true) — both allowed if \( Q \) true.  
   → No violation here, so no need to check this card.  

**Cards to turn over:** Buying Cigs, No ID.  

ANSWER: Buying Cigs, No ID","['Buying Cigs', 'No ID']","['P', 'not_Q']",CORRECT,89,409,0
22,T23,2,220044,"If you buy Cigarettes, you must show Proof of Age.","Rule: ""If you buy Cigarettes, you must show Proof of Age.""
Cards: ['Buying Cigs', 'No ID', 'Showed ID', 'Buying Gum']

Which cards must you turn over?
Your answer:","['Buying Cigs', 'No ID', 'Showed ID', 'Buying Gum']","Let’s break this down.  

The rule is:  
**If you buy Cigarettes, you must show Proof of Age.**  
This is logically: **Buy Cigarettes → Show Proof of Age**  

We have four cards:  

1. **Buying Cigs** — buying cigarettes (antecedent is true)  
2. **No ID** — not showing proof of age (consequent is false)  
3. **Showed ID** — showing proof of age (consequent is true)  
4. **Buying Gum** — not buying cigarettes (antecedent is false)  

---

**Step 1 – Identify what we need to check**  
For a conditional statement \( P \rightarrow Q \), the only way it can be false is if \( P \) is true and \( Q \) is false.  
So we must check:  
- Cards where \( P \) is true (Buying Cigs) → must verify \( Q \) is true (Showed ID).  
- Cards where \( Q \) is false (No ID) → must verify \( P \) is false (not Buying Cigs).  

---

**Step 2 – Apply to each card**  

1. **Buying Cigs** (\( P \) true)  
   Must check the back to see if they showed ID. If they didn’t, rule is broken. → **Must turn over**.  

2. **No ID** (\( Q \) false)  
   Must check the back to see if they are buying cigarettes. If they are, rule is broken. → **Must turn over**.  

3. **Showed ID** (\( Q \) true)  
   Rule says nothing about what happens if \( Q \) is true — \( P \) could be true or false, rule still holds. → **No need to turn over**.  

4. **Buying Gum** (\( P \) false)  
   If \( P \) is false, rule is automatically true regardless of \( Q \). → **No need to turn over**.  

---

**Step 3 – Conclusion**  
Only cards that must be turned over: **Buying Cigs** and **No ID**.  

---

ANSWER: Buying Cigs, No ID","['Buying Cigs', 'No ID']","['P', 'not_Q']",CORRECT,89,456,0
22,T23,3,220045,"If you buy Cigarettes, you must show Proof of Age.","Rule: ""If you buy Cigarettes, you must show Proof of Age.""
Cards: ['Buying Cigs', 'No ID', 'Buying Gum', 'Showed ID']

Which cards must you turn over?
Your answer:","['Buying Cigs', 'No ID', 'Buying Gum', 'Showed ID']","Let’s break this down.  

**Rule:** ""If you buy Cigarettes, you must show Proof of Age.""  
This is a conditional statement:  
- If **P** (buy cigarettes), then **Q** (show proof of age).  
- Logically: \( P \rightarrow Q \)  

**Cards:**  
1. Buying Cigs → **P** true  
2. No ID → **Q** false (since ""No ID"" means did not show proof of age)  
3. Buying Gum → **P** false (not buying cigarettes)  
4. Showed ID → **Q** true  

---

**Checking each card for necessity to turn over:**  
We need to check for violations of \( P \rightarrow Q \).  
The only violation is when **P is true and Q is false**.  

- **Buying Cigs (P true)**: Must check Q. If Q is false, rule is broken. So must turn this card.  
- **No ID (Q false)**: Must check P. If P is true, rule is broken. So must turn this card.  
- **Buying Gum (P false)**: If P is false, rule is automatically satisfied regardless of Q. No need to turn.  
- **Showed ID (Q true)**: If Q is true, rule is satisfied regardless of P. No need to turn.  

---

**Cards to turn over:** Buying Cigs, No ID  

ANSWER: Buying Cigs, No ID","['Buying Cigs', 'No ID']","['P', 'not_Q']",CORRECT,89,312,0
22,T23,4,220046,"If you buy Cigarettes, you must show Proof of Age.","Rule: ""If you buy Cigarettes, you must show Proof of Age.""
Cards: ['No ID', 'Buying Cigs', 'Buying Gum', 'Showed ID']

Which cards must you turn over?
Your answer:","['No ID', 'Buying Cigs', 'Buying Gum', 'Showed ID']","Let’s break this down.  

The rule is:  
**If you buy Cigarettes, you must show Proof of Age.**  

In logic terms:  
Let \( P \) = ""You buy Cigarettes""  
Let \( Q \) = ""You show Proof of Age""  

Rule: \( P \rightarrow Q \) (If P, then Q)  

To check violations of \( P \rightarrow Q \), we look for:  
1. \( P \) true and \( Q \) false (buying cigarettes but not showing proof of age)  
2. We do **not** need to check cases where \( P \) is false (not buying cigarettes) unless we suspect the converse is being tested — but logically, only \( P \land \lnot Q \) violates the rule.  

---

**Cards given:**  
- **No ID** → This means ""did not show proof of age"" (\(\lnot Q\))  
- **Buying Cigs** → This means ""buying cigarettes"" (\(P\))  
- **Buying Gum** → This means ""not buying cigarettes"" (\(\lnot P\))  
- **Showed ID** → This means ""showed proof of age"" (\(Q\))  

---

**Step 1: Identify potential violations**  
We need to check:  
- **Buying Cigs** (\(P\)): Must verify that \(Q\) is true (Showed ID). If the other side is ""No ID"", that’s a violation. So we must turn over ""Buying Cigs"" to check the other side.  
- **No ID** (\(\lnot Q\)): Must check if \(P\) is true (Buying Cigs). If the other side is ""Buying Cigs"", that’s a violation. So we must turn over ""No ID"" to check the other side.  

---

**Step 2: Which cards are irrelevant?**  
- **Buying Gum** (\(\lnot P\)): Rule says nothing about gum buyers. No violation possible regardless of \(Q\).  
- **Showed ID** (\(Q\)): If \(Q\) is true, rule is satisfied regardless of \(P\). No violation possible.  

---

**Step 3: Conclusion**  
Must turn over: **Buying Cigs** and **No ID**.  

---

ANSWER: Buying Cigs, No ID","['Buying Cigs', 'No ID']","['P', 'not_Q']",CORRECT,89,489,0
23,T24,0,230042,"If a scout earns a Badge, they must complete the Task.","Rule: ""If a scout earns a Badge, they must complete the Task.""
Cards: ['Joined Troop', 'Task Incomplete', 'Completed Task', 'Earned Badge']

Which cards must you turn over?
Your answer:","['Joined Troop', 'Task Incomplete', 'Completed Task', 'Earned Badge']","Let’s break this down.  

**Rule:**  
""If a scout earns a Badge, they must complete the Task.""  
Logical form:  
If **earns a Badge** → **must complete the Task**.  
In logic: \( P \rightarrow Q \) where:  
\( P \) = earns a Badge  
\( Q \) = complete the Task  

---

**Checking each card:**  

1. **Joined Troop**  
   - This is unrelated to \( P \) or \( Q \).  
   - No need to check because rule only concerns Badge → Task.  

2. **Task Incomplete**  
   - This is **not Q** (did not complete the Task).  
   - If we see not Q, we must check if they earned a Badge (P), because if P is true and Q is false, the rule is broken.  
   - So **must turn over** to check if they earned a Badge.  

3. **Completed Task**  
   - This is \( Q \) (completed the Task).  
   - Rule says: if P then Q. If Q is true, P could be true or false — rule is not violated either way.  
   - So **no need to turn over**.  

4. **Earned Badge**  
   - This is \( P \) (earned a Badge).  
   - If P is true, we must check Q (did they complete the Task?) to ensure rule is followed.  
   - So **must turn over** to check if Task is completed.  

---

**Cards to turn over:**  
- Task Incomplete  
- Earned Badge  

---

ANSWER: Task Incomplete, Earned Badge","['Task Incomplete', 'Earned Badge']","['P', 'not_Q']",CORRECT,90,358,0
23,T24,1,230043,"If a scout earns a Badge, they must complete the Task.","Rule: ""If a scout earns a Badge, they must complete the Task.""
Cards: ['Earned Badge', 'Task Incomplete', 'Joined Troop', 'Completed Task']

Which cards must you turn over?
Your answer:","['Earned Badge', 'Task Incomplete', 'Joined Troop', 'Completed Task']","Let’s break this down.  

The rule is:  
> If a scout earns a Badge, they must complete the Task.  

This is a conditional statement:  
**If P (earns a Badge), then Q (complete the Task).**  

In logical terms:  
P → Q  

To check violations of P → Q, we need to test:  
1. **Cards where P is true** → must check Q is true.  
   If Q is false, rule is broken.  
2. **Cards where Q is false** → must check P is false.  
   If P is true, rule is broken.  

We do **not** need to check cases where P is false or Q is true, because those don’t violate the rule.  

---

**Cards given:**  

1. **Earned Badge** → P is true → must check Q (Completed Task).  
   So must turn this card.  

2. **Task Incomplete** → Q is false → must check P (Earned Badge).  
   So must turn this card.  

3. **Joined Troop** → This is not P (earns a badge) and not Q (complete task).  
   P is false here, so no need to check — rule says nothing about Joined Troop.  

4. **Completed Task** → Q is true → no need to check P, because rule is not violated regardless of P.  

---

**Must turn over:**  
- Earned Badge (P true)  
- Task Incomplete (Q false)  

---

ANSWER: Earned Badge, Task Incomplete","['Earned Badge', 'Task Incomplete']","['P', 'not_Q']",CORRECT,90,341,0
23,T24,2,230044,"If a scout earns a Badge, they must complete the Task.","Rule: ""If a scout earns a Badge, they must complete the Task.""
Cards: ['Task Incomplete', 'Completed Task', 'Joined Troop', 'Earned Badge']

Which cards must you turn over?
Your answer:","['Task Incomplete', 'Completed Task', 'Joined Troop', 'Earned Badge']","Let’s break this down.  

**Rule:**  
""If a scout earns a Badge, they must complete the Task.""  
Logical form:  
Earned Badge → Completed Task  

**Contrapositive:**  
If not Completed Task → not Earned Badge  

---

**Cards given:**  
1. Task Incomplete  →  means ""not Completed Task""  
2. Completed Task  
3. Joined Troop  
4. Earned Badge  

---

**Checking each card:**  
We need to test only cards that could violate the rule.  

- **Card 1: Task Incomplete**  
  Must check: If Task Incomplete, then scout must not have Earned Badge.  
  So we must turn this card to see if they Earned Badge (if yes, rule broken).  

- **Card 2: Completed Task**  
  This is the consequent (right side of the rule).  
  Rule says: If Badge → Completed Task.  
  If Completed Task is true, the rule isn’t violated regardless of Badge status (because consequent being true doesn’t make the implication false).  
  So no need to turn.  

- **Card 3: Joined Troop**  
  Rule only links Badge and Task. Joined Troop is irrelevant to the conditional.  
  So no need to turn.  

- **Card 4: Earned Badge**  
  This is the antecedent (left side of the rule).  
  If Earned Badge, then must have Completed Task.  
  So we must turn to see if Task is Completed.  

---

**Cards to turn over:**  
Task Incomplete (to check for Earned Badge)  
Earned Badge (to check for Completed Task)  

---

ANSWER: Task Incomplete, Earned Badge","['Task Incomplete', 'Earned Badge']","['P', 'not_Q']",CORRECT,90,381,0
23,T24,3,230045,"If a scout earns a Badge, they must complete the Task.","Rule: ""If a scout earns a Badge, they must complete the Task.""
Cards: ['Earned Badge', 'Joined Troop', 'Completed Task', 'Task Incomplete']

Which cards must you turn over?
Your answer:","['Earned Badge', 'Joined Troop', 'Completed Task', 'Task Incomplete']","Let’s break this down.  

The rule is:  
> If a scout earns a Badge, they must complete the Task.  

In logical terms:  
Let \( P \) = ""earns a Badge""  
Let \( Q \) = ""complete the Task""  

Rule: \( P \rightarrow Q \) (If P then Q)  

To check violations, we look for cases where \( P \) is true but \( Q \) is false.  
That means we must check:  
1. Cards where \( P \) is true (must verify \( Q \) is true)  
2. Cards where \( Q \) is false (must verify \( P \) is false)  

---

**Cards given:**  
- 'Earned Badge' → \( P \) is true → must check \( Q \)  
- 'Joined Troop' → irrelevant to \( P \) or \( Q \) → no need to check  
- 'Completed Task' → \( Q \) is true → no need to check (because if \( Q \) is true, rule is satisfied regardless of \( P \))  
- 'Task Incomplete' → \( Q \) is false → must check \( P \)  

---

**Must turn over:**  
1. 'Earned Badge' (to see if Task was completed)  
2. 'Task Incomplete' (to see if they earned a Badge)  

---

ANSWER: Earned Badge, Task Incomplete","['Earned Badge', 'Task Incomplete']","['P', 'not_Q']",CORRECT,90,298,0
23,T24,4,230046,"If a scout earns a Badge, they must complete the Task.","Rule: ""If a scout earns a Badge, they must complete the Task.""
Cards: ['Completed Task', 'Earned Badge', 'Joined Troop', 'Task Incomplete']

Which cards must you turn over?
Your answer:","['Completed Task', 'Earned Badge', 'Joined Troop', 'Task Incomplete']","Let’s break this down.  

The rule is:  
> If a scout earns a Badge, they must complete the Task.  

In logic terms:  
Let \( P \) = ""earns a Badge""  
Let \( Q \) = ""complete the Task""  

Rule: \( P \rightarrow Q \) (If P then Q)  

To check violations of \( P \rightarrow Q \), we look for:  
1. Cases where \( P \) is true but \( Q \) is false.  
   That means: ""Earned Badge"" and ""Task Incomplete"" together would break the rule.  

So we must check:  
- Cards where \( P \) is true (Earned Badge) → to see if Q is false.  
- Cards where \( Q \) is false (Task Incomplete) → to see if P is true.  

Cards given:  
1. **Completed Task** → This is \( Q \) true. No violation regardless of P, so no need to check.  
2. **Earned Badge** → This is \( P \) true. Must check if Q is false. Must turn over.  
3. **Joined Troop** → This is unrelated to P or Q (not mentioned in rule). No need to check.  
4. **Task Incomplete** → This is \( Q \) false. Must check if P is true. Must turn over.  

So must turn over: **Earned Badge** and **Task Incomplete**.  

ANSWER: Earned Badge, Task Incomplete","['Earned Badge', 'Task Incomplete']","['P', 'not_Q']",CORRECT,90,326,0
24,T25,0,240042,"If you ride the Subway, you must have a Ticket.","Rule: ""If you ride the Subway, you must have a Ticket.""
Cards: ['Walking', 'No Ticket', 'Riding Subway', 'Has Ticket']

Which cards must you turn over?
Your answer:","['Walking', 'No Ticket', 'Riding Subway', 'Has Ticket']","Let’s break this down.  

The rule is:  
**If you ride the Subway, you must have a Ticket.**  
In logical form:  
Riding Subway → Has Ticket  

This is equivalent to:  
If not (Has Ticket), then not (Riding Subway).  

---

**Step 1 – Identify what needs to be checked**  
To test the rule, we must find any case where the **antecedent is true** but the **consequent is false**.  
That means:  
We look for anyone **Riding Subway** (antecedent true) and check they **Have Ticket** (must be true).  
Also, we look for anyone **not Have Ticket** (consequent false) and check they are **not Riding Subway** (must be true).  

---

**Step 2 – List the cards**  
1. Walking → not Riding Subway (antecedent false)  
2. No Ticket → Has Ticket is false (consequent false)  
3. Riding Subway → antecedent true  
4. Has Ticket → consequent true  

---

**Step 3 – Which cards must be turned over?**  
- **Riding Subway** (card 3): Must check if they have Ticket. If they don’t, rule is broken. → **Must turn over**  
- **Has Ticket** (card 4): This is consequent true. If someone has Ticket, they could be Walking or Riding Subway — rule doesn’t forbid having Ticket without Riding Subway. So no need to check. → **Do not turn over**  
- **Walking** (card 1): Antecedent false (not Riding Subway). Rule says nothing about Walking. → **Do not turn over**  
- **No Ticket** (card 2): Consequent false. Must check they are not Riding Subway. If they are Riding Subway, rule broken. → **Must turn over**  

---

**Step 4 – Conclusion**  
Cards to turn over: **Riding Subway** and **No Ticket**.  

---

ANSWER: Riding Subway, No Ticket","['Riding Subway', 'No Ticket']","['P', 'not_Q']",CORRECT,85,439,0
24,T25,1,240043,"If you ride the Subway, you must have a Ticket.","Rule: ""If you ride the Subway, you must have a Ticket.""
Cards: ['Riding Subway', 'No Ticket', 'Walking', 'Has Ticket']

Which cards must you turn over?
Your answer:","['Riding Subway', 'No Ticket', 'Walking', 'Has Ticket']","Let’s break this down.  

The rule is:  
**If you ride the Subway, you must have a Ticket.**  
This can be written logically as:  
Ride Subway → Has Ticket  

In logical terms, to check if the rule is being followed, we need to test:  
1. **Ride Subway** → must check that **Has Ticket** is true (if not, rule broken).  
2. **No Ticket** → must check that person is **not riding Subway** (if they are, rule broken).  

The other two cases don’t matter for checking violations:  
- **Walking** (not riding subway) → rule doesn’t apply, so no need to check ticket.  
- **Has Ticket** → rule doesn’t require anything if not riding subway, so no need to check activity.  

Cards given:  
- Riding Subway → must check back for Ticket.  
- No Ticket → must check back for Riding Subway.  
- Walking → irrelevant (rule not triggered).  
- Has Ticket → irrelevant (could be walking with ticket, still fine).  

So we must turn over: **Riding Subway** and **No Ticket**.  

ANSWER: Riding Subway, No Ticket","['Riding Subway', 'No Ticket']","['P', 'not_Q']",CORRECT,85,259,0
24,T25,2,240044,"If you ride the Subway, you must have a Ticket.","Rule: ""If you ride the Subway, you must have a Ticket.""
Cards: ['Has Ticket', 'Riding Subway', 'Walking', 'No Ticket']

Which cards must you turn over?
Your answer:","['Has Ticket', 'Riding Subway', 'Walking', 'No Ticket']","Let’s break this down.  

The rule is:  
**If you ride the Subway, you must have a Ticket.**  
In logical form:  
Riding Subway → Has Ticket  

We need to check for violations.  
A violation occurs when:  
- Someone rides the subway (antecedent true)  
- But does **not** have a ticket (consequent false).  

So we must check:  
1. Cards where **Riding Subway** is true (to ensure they have a ticket).  
2. Cards where **Has Ticket** is false (to ensure they are not riding the subway).  

---

**Cards given:**  
- **Has Ticket** → This is “Ticket = true”. We don’t need to check this for violation because if they have a ticket, they are not breaking the rule regardless of whether they ride the subway.  
- **Riding Subway** → Must check: if this is true, does the other side say “No Ticket”? If so, violation. So we must turn this card.  
- **Walking** → This is “Riding Subway = false”. If they are not riding the subway, the rule doesn’t apply, so no need to check.  
- **No Ticket** → This is “Ticket = false”. We must check: if they are not riding the subway, it’s fine; but if they *are* riding the subway, it’s a violation. So we must turn this card to see if they are riding the subway.  

---

**Cards to turn over:**  
1. Riding Subway  
2. No Ticket  

---

ANSWER: Riding Subway, No Ticket","['Riding Subway', 'No Ticket']","['P', 'not_Q']",CORRECT,85,345,0
24,T25,3,240045,"If you ride the Subway, you must have a Ticket.","Rule: ""If you ride the Subway, you must have a Ticket.""
Cards: ['Riding Subway', 'Walking', 'Has Ticket', 'No Ticket']

Which cards must you turn over?
Your answer:","['Riding Subway', 'Walking', 'Has Ticket', 'No Ticket']","Let’s break this down.  

The rule is:  
**If you ride the Subway, you must have a Ticket.**  
This can be written logically as:  
Ride Subway → Has Ticket  

In logical terms, to check if the rule is being followed, we need to test:  
1. **Ride Subway** → must check that **Has Ticket** is true (if not, rule broken).  
2. **No Ticket** → must check that person is **not Riding Subway** (if they are, rule broken).  

The other cases don’t violate the rule:  
- Walking (not Riding Subway) → rule doesn’t apply, so ticket status doesn’t matter.  
- Has Ticket → doesn’t tell us if they are Riding Subway, so no violation possible from this card alone.  

Cards given:  
- Riding Subway → must check back for Has Ticket.  
- Walking → irrelevant to rule (antecedent false).  
- Has Ticket → irrelevant to rule (consequent true).  
- No Ticket → must check back for Riding Subway.  

So we must turn over:  
**Riding Subway** (to check if Has Ticket on back)  
**No Ticket** (to check if Riding Subway on back)  

ANSWER: Riding Subway, No Ticket","['Riding Subway', 'No Ticket']","['P', 'not_Q']",CORRECT,85,278,0
24,T25,4,240046,"If you ride the Subway, you must have a Ticket.","Rule: ""If you ride the Subway, you must have a Ticket.""
Cards: ['Has Ticket', 'No Ticket', 'Riding Subway', 'Walking']

Which cards must you turn over?
Your answer:","['Has Ticket', 'No Ticket', 'Riding Subway', 'Walking']","Let’s break this down.  

The rule is:  
**If you ride the Subway, you must have a Ticket.**  
This can be written logically as:  
Riding Subway → Has Ticket  

To check if the rule is being followed, we need to look for possible violations.  
A violation would be: Riding Subway AND NOT Has Ticket.  

So we must check:  
1. Any card that shows **Riding Subway** (to make sure they have a Ticket).  
2. Any card that shows **No Ticket** (to make sure they are not Riding Subway).  

Cards given:  
- **Has Ticket** → This satisfies the right side of the rule; no need to check unless we suspect they might be Riding Subway without a Ticket, but here they have a Ticket, so no violation possible from this card alone.  
- **No Ticket** → Could be violating if they are Riding Subway, so must check.  
- **Riding Subway** → Must check if they have a Ticket.  
- **Walking** → This is not Riding Subway, so the rule doesn’t apply to them; no need to check.  

Thus, the cards to turn over are: **Riding Subway** and **No Ticket**.  

ANSWER: Riding Subway, No Ticket","['Riding Subway', 'No Ticket']","['P', 'not_Q']",CORRECT,85,275,0
25,T26,0,250042,"If a student is Late, they must have a Pass.","Rule: ""If a student is Late, they must have a Pass.""
Cards: ['Has Pass', 'No Pass', 'Late', 'On Time']

Which cards must you turn over?
Your answer:","['Has Pass', 'No Pass', 'Late', 'On Time']","Let’s break this down.  

**Step 1 – Understanding the rule**  
Rule: *If a student is Late, they must have a Pass.*  
Logical form: If **Late** → **Has Pass**.  
This is a conditional statement:  
- Hypothesis (antecedent): student is Late.  
- Conclusion (consequent): student has a Pass.  

**Step 2 – What needs to be checked to verify the rule**  
To check if the rule is being followed, we must find any violations.  
A violation would be: **Late** and **No Pass**.  
So we must check:  
1. Any card that is **Late** (to see if it has No Pass on the other side — that would break the rule).  
2. Any card that is **No Pass** (to see if it is Late on the other side — that would also break the rule).  

**Step 3 – Applying to the cards**  
Cards shown:  
- ‘Has Pass’  
- ‘No Pass’  
- ‘Late’  
- ‘On Time’  

Check each:  
- **‘Has Pass’** → Flipping this is unnecessary for verifying the rule, because the rule says nothing about what happens if they have a Pass (they could be On Time or Late, both allowed).  
- **‘No Pass’** → Must check: if this person is Late, that violates the rule. So flip it.  
- **‘Late’** → Must check: if this person has No Pass, that violates the rule. So flip it.  
- **‘On Time’** → Flipping is unnecessary, because the rule only applies if they are Late.  

**Step 4 – Conclusion**  
Cards to turn over: **‘No Pass’** and **‘Late’**.  

ANSWER: No Pass, Late","['No Pass', 'Late']","['P', 'not_Q']",CORRECT,82,387,0
25,T26,1,250043,"If a student is Late, they must have a Pass.","Rule: ""If a student is Late, they must have a Pass.""
Cards: ['Late', 'No Pass', 'Has Pass', 'On Time']

Which cards must you turn over?
Your answer:","['Late', 'No Pass', 'Has Pass', 'On Time']","Let’s break this down.  

**Rule:** ""If a student is Late, they must have a Pass.""  
This is a conditional statement:  
- If **Late** → then **Must have Pass**.  
- In logic terms: **L → P** (where L = Late, P = Has Pass).  

**Contrapositive:** If **not P** → then **not L**.  
(If they do not have a Pass, they cannot be Late.)  

---

**Cards given:**  
1. **Late** → This is the **L** case. We must check if they have a Pass (P). So we must turn this card to verify the back says ""Has Pass"".  
2. **No Pass** → This is **not P**. From the contrapositive, if they have No Pass, they must not be Late. So we must check that the other side is **not Late** (i.e., ""On Time"" or something else not Late). So we must turn this card.  
3. **Has Pass** → This is **P**. The rule says L → P, but it doesn’t say anything about what happens if P is true (they could be Late or On Time). So no need to check this card.  
4. **On Time** → This is **not L**. The rule only applies if they are Late, so if they are On Time, the rule isn’t violated regardless of whether they have a Pass or not. So no need to check this card.  

---

**Cards to turn over:**  
- **Late** (to check for Pass)  
- **No Pass** (to check for not Late)  

---

ANSWER: Late, No Pass","['Late', 'No Pass']","['P', 'not_Q']",CORRECT,82,355,0
25,T26,2,250044,"If a student is Late, they must have a Pass.","Rule: ""If a student is Late, they must have a Pass.""
Cards: ['On Time', 'Has Pass', 'No Pass', 'Late']

Which cards must you turn over?
Your answer:","['On Time', 'Has Pass', 'No Pass', 'Late']","Let’s break this down step by step.  

**Rule:**  
""If a student is Late, they must have a Pass.""  
This is a conditional statement:  
- If **Late** → then **Must have Pass**.  
- In logic terms: **L → P** (where L = Late, P = Has Pass).  

**Contrapositive:**  
If **not P** (No Pass) → then **not L** (not Late, i.e., On Time).  

**Cards:**  
1. On Time  
2. Has Pass  
3. No Pass  
4. Late  

---

**Checking each card for necessity to test the rule:**  

We want to verify that **L → P** holds for all cases.  
That means we must catch any violation:  
- Violation happens if **L is true** and **P is false** (i.e., Late and No Pass).  

So we must check:  
1. **Cards that could show L (Late)**:  
   - If a card shows **Late**, we must check the other side for **No Pass** (which would break the rule).  
   - So **Late** card must be turned over.  

2. **Cards that could show not P (No Pass)**:  
   - If a card shows **No Pass**, we must check the other side for **Late** (which would break the rule, because No Pass → should not be Late).  
   - So **No Pass** card must be turned over.  

---

**Other cards:**  
- **On Time**:  
  The rule says nothing about what happens if On Time (not L). They could have Pass or No Pass — no restriction. So no need to check.  

- **Has Pass**:  
  If a student has a Pass, the rule doesn’t forbid them from being Late or On Time. L → P only requires that if Late then Pass, but Pass could be with Late or On Time. So no violation possible from seeing Pass alone.  

---

**Conclusion:**  
Must turn over: **Late** and **No Pass**.  

ANSWER: Late, No Pass","['Late', 'No Pass']","['P', 'not_Q']",CORRECT,82,443,0
25,T26,3,250045,"If a student is Late, they must have a Pass.","Rule: ""If a student is Late, they must have a Pass.""
Cards: ['On Time', 'Late', 'No Pass', 'Has Pass']

Which cards must you turn over?
Your answer:","['On Time', 'Late', 'No Pass', 'Has Pass']","Let’s break this down step by step.  

**Step 1: Understand the rule**  
Rule: *If a student is Late, they must have a Pass.*  
Logical form: If **Late**, then **Has Pass**.  
In logic: \( L \rightarrow P \)  

**Step 2: Identify what this means for checking violations**  
A violation occurs if:  
- Someone is **Late** (L is true)  
- and they do **not** have a Pass (P is false).  

So we need to check any card that could possibly be a counterexample.

**Step 3: List the cards and their logical states**  
Cards:  
1. **On Time** → Not Late (¬L)  
2. **Late** → L is true  
3. **No Pass** → P is false (¬P)  
4. **Has Pass** → P is true  

**Step 4: Determine which cards to turn over**  
We check each card to see if turning it could reveal a violation:  

- **On Time** (¬L):  
  If someone is not Late, the rule says nothing about their Pass status.  
  So even if they have No Pass on the other side, it’s not a violation.  
  → No need to turn.

- **Late** (L):  
  If someone is Late, the rule requires them to have a Pass.  
  We must check the other side to ensure it is **Has Pass**, not **No Pass**.  
  → Must turn.

- **No Pass** (¬P):  
  If someone has No Pass, could they be Late?  
  If they are Late on the other side, that’s a violation.  
  So we must check the other side to ensure it is **not Late**.  
  → Must turn.

- **Has Pass** (P):  
  If someone has a Pass, they could be Late or On Time; both satisfy the rule (since Late → Pass is true if Pass is true).  
  No possible violation here regardless of the other side.  
  → No need to turn.

**Step 5: Conclusion**  
We must turn over: **Late** and **No Pass**.

ANSWER: Late, No Pass","['Late', 'No Pass']","['P', 'not_Q']",CORRECT,82,473,0
25,T26,4,250046,"If a student is Late, they must have a Pass.","Rule: ""If a student is Late, they must have a Pass.""
Cards: ['On Time', 'Late', 'Has Pass', 'No Pass']

Which cards must you turn over?
Your answer:","['On Time', 'Late', 'Has Pass', 'No Pass']","Let’s break this down step by step.  

**Rule:**  
""If a student is Late, they must have a Pass.""  
This is a conditional statement:  
- If **Late** → then **Must have Pass**.  
- In logic terms: **L → P** (where L = Late, P = Has Pass).  

**Contrapositive:**  
If not P (No Pass) → then not L (not Late, i.e., On Time).  

**Cards given:**  
1. On Time  
2. Late  
3. Has Pass  
4. No Pass  

---

**Checking each card for necessity to verify the rule:**  

We need to find possible violations of the rule **L → P**.  
Violations happen only when **L is true and P is false** (Late and No Pass).  

So we must check:  
- Any card that could be **Late** (to see if it has No Pass on the other side).  
- Any card that could be **No Pass** (to see if it is Late on the other side).  

---

**Card 1: On Time**  
- This is **not Late**, so even if the other side is No Pass, it doesn’t violate the rule.  
- Rule only applies when student is Late.  
- **Do not need to turn.**

**Card 2: Late**  
- If this card is Late, we must check the other side to ensure it is **Has Pass**.  
- If other side is No Pass → violation.  
- **Must turn.**

**Card 3: Has Pass**  
- This card is Has Pass.  
- Rule says: If Late → Has Pass. It does **not** say: If Has Pass → anything.  
- So even if other side is Late, that’s fine (Late & Has Pass obeys rule).  
- If other side is On Time, also fine.  
- **Do not need to turn.**

**Card 4: No Pass**  
- This is No Pass.  
- Could the other side be Late? If yes → violation (Late & No Pass).  
- Must check other side to ensure it is **not Late**.  
- **Must turn.**

---

**Cards to turn:** Late, No Pass.  

ANSWER: Late, No Pass","['Late', 'No Pass']","['P', 'not_Q']",CORRECT,82,479,0
26,T27,0,260042,"If you adopt a Pet, you must sign a Contract.","Rule: ""If you adopt a Pet, you must sign a Contract.""
Cards: ['No Contract', 'Visited Shelter', 'Adopted Pet', 'Signed Contract']

Which cards must you turn over?
Your answer:","['No Contract', 'Visited Shelter', 'Adopted Pet', 'Signed Contract']","Let’s break this down step by step.  

**Step 1: Understand the rule**  
Rule: ""If you adopt a Pet, you must sign a Contract.""  
Logical form:  
If **Adopt Pet** → **Sign Contract**.  

This is a conditional statement:  
P = Adopt Pet  
Q = Sign Contract  
Rule: P → Q  

**Step 2: Determine what to check for violations**  
A violation occurs if P is true and Q is false.  
So we must check:  
1. Any case where **Adopt Pet** is true → must verify **Sign Contract** is also true.  
2. Any case where **Sign Contract** is false → must verify **Adopt Pet** is false (because if P were true with Q false, that’s a violation).  

**Step 3: Apply to each card**  

Cards:  
- **No Contract** → This means ""Sign Contract"" is false (Q false). Must check if ""Adopt Pet"" is true (P true). If yes, violation. So must turn over.  
- **Visited Shelter** → This is not P (Adopt Pet) and not Q (Sign Contract) directly. Visiting shelter doesn’t necessarily mean adopting pet, so no bearing on rule. No need to turn over.  
- **Adopted Pet** → This is P true. Must check if Q (Sign Contract) is true. So must turn over.  
- **Signed Contract** → This is Q true. If Q true, rule is satisfied regardless of P (no violation possible). So no need to turn over.  

**Step 4: Conclusion**  
Must turn over: **No Contract** and **Adopted Pet**.  

ANSWER: No Contract, Adopted Pet","['No Contract', 'Adopted Pet']","['P', 'not_Q']",CORRECT,85,371,0
26,T27,1,260043,"If you adopt a Pet, you must sign a Contract.","Rule: ""If you adopt a Pet, you must sign a Contract.""
Cards: ['Adopted Pet', 'Visited Shelter', 'No Contract', 'Signed Contract']

Which cards must you turn over?
Your answer:","['Adopted Pet', 'Visited Shelter', 'No Contract', 'Signed Contract']","Let’s break this down.  

The rule is:  
> If you adopt a Pet, you must sign a Contract.  

In logical terms:  
Adopt Pet → Sign Contract  

This is equivalent to:  
If Adopt Pet is true, then Sign Contract must be true.  
The only way to violate the rule is if someone adopted a pet but did not sign a contract.  

We need to check each card to see if it could possibly violate the rule.  

**Cards:**  
1. **Adopted Pet** → We must check the back of this card. If the back says “No Contract,” that violates the rule. So we must turn this card.  
2. **Visited Shelter** → Visiting the shelter doesn’t necessarily mean adopting a pet (it’s not the antecedent in the rule), so even if there’s “No Contract” on the back, it doesn’t break the rule. No need to turn.  
3. **No Contract** → On the front it says “No Contract.” Could this be a case where someone adopted a pet but didn’t sign? Possibly. If the back says “Adopted Pet,” that violates the rule. So we must turn this card.  
4. **Signed Contract** → On the front it says “Signed Contract.” Even if the back says “Adopted Pet,” that’s fine (rule says if adopt then sign, not that signing only happens if adopting). If the back says “Didn’t adopt,” that’s also fine. So no need to turn.  

**Cards to turn:** Adopted Pet, No Contract.  

ANSWER: Adopted Pet, No Contract","['Adopted Pet', 'No Contract']","['P', 'not_Q']",CORRECT,85,346,0
26,T27,2,260044,"If you adopt a Pet, you must sign a Contract.","Rule: ""If you adopt a Pet, you must sign a Contract.""
Cards: ['Signed Contract', 'Adopted Pet', 'Visited Shelter', 'No Contract']

Which cards must you turn over?
Your answer:","['Signed Contract', 'Adopted Pet', 'Visited Shelter', 'No Contract']","Let’s break this down.  

**Rule:** ""If you adopt a Pet, you must sign a Contract.""  
This is a conditional statement:  
- If **Adopt Pet** → **Sign Contract**  
- In logical terms: **P → Q** where:  
  P = Adopt Pet  
  Q = Sign Contract  

---

**Cards given:**  
1. **Signed Contract** (Q is true)  
2. **Adopted Pet** (P is true)  
3. **Visited Shelter** (irrelevant to P or Q)  
4. **No Contract** (Q is false)  

---

**What needs to be checked in a ""must turn over"" test for P → Q?**  
We check:  
- **Cards that could violate the rule**  
Violations happen when **P is true and Q is false**.  

So we must check:  
1. **Cards where P is true** (Adopt Pet) → to see if Q is false.  
   → Card 2 (**Adopted Pet**) must be turned over.  
2. **Cards where Q is false** (No Contract) → to see if P is true.  
   → Card 4 (**No Contract**) must be turned over.  

---

**Other cards:**  
- **Signed Contract** (Q true): Even if P is false, rule is not violated (no violation when Q true). So no need to turn over.  
- **Visited Shelter** (not P, not Q): Irrelevant to rule, no need to turn over.  

---

**Final answer:**  
ANSWER: Adopted Pet, No Contract","['Adopted Pet', 'No Contract']","['P', 'not_Q']",CORRECT,85,342,0
26,T27,3,260045,"If you adopt a Pet, you must sign a Contract.","Rule: ""If you adopt a Pet, you must sign a Contract.""
Cards: ['Visited Shelter', 'Adopted Pet', 'Signed Contract', 'No Contract']

Which cards must you turn over?
Your answer:","['Visited Shelter', 'Adopted Pet', 'Signed Contract', 'No Contract']","Let’s break this down.  

The rule is:  
**If you adopt a Pet, you must sign a Contract.**  
This can be written logically as:  
Adopt Pet → Sign Contract.  

In logical terms:  
- P = Adopt Pet  
- Q = Sign Contract  

The contrapositive is:  
Not Sign Contract → Not Adopt Pet.  

We check each card to see if it could violate the rule:  

1. **Visited Shelter** — This is not P and not Q (doesn’t mention adopting or signing).  
   - No possible violation because the rule only applies if you adopt a pet.  
   - Don’t need to check.  

2. **Adopted Pet** — This is P.  
   - Must check Q (Signed Contract) is true. If not, rule broken.  
   - Must turn over.  

3. **Signed Contract** — This is Q.  
   - Does not guarantee P is true; rule says if P then Q, not if Q then P.  
   - Could have signed contract without adopting pet — that’s fine.  
   - No need to turn over.  

4. **No Contract** — This is Not Q.  
   - Contrapositive says Not Q → Not P.  
   - Must check that P (Adopted Pet) is false. If P is true, rule broken.  
   - Must turn over.  

So must turn over: **Adopted Pet** and **No Contract**.  

ANSWER: Adopted Pet, No Contract","['Adopted Pet', 'No Contract']","['P', 'not_Q']",CORRECT,85,323,0
26,T27,4,260046,"If you adopt a Pet, you must sign a Contract.","Rule: ""If you adopt a Pet, you must sign a Contract.""
Cards: ['Adopted Pet', 'Visited Shelter', 'Signed Contract', 'No Contract']

Which cards must you turn over?
Your answer:","['Adopted Pet', 'Visited Shelter', 'Signed Contract', 'No Contract']","Let’s break this down.  

The rule is:  
**If you adopt a Pet, you must sign a Contract.**  
This can be written logically as:  
Adopt Pet → Sign Contract  

In logical terms:  
- P: Adopt Pet  
- Q: Sign Contract  
Rule: P → Q  

When checking for violations, we look for cases where **P is true and Q is false**.  
That means we must check:  
1. Cards where **P is true** (Adopt Pet) → must verify Q is true (Signed Contract).  
2. Cards where **Q is false** (No Contract) → must verify P is false (did not Adopt Pet).  

---

**Cards given:**  
1. **Adopted Pet** → P is true → must check if Q is true (Signed Contract). Must turn over.  
2. **Visited Shelter** → P is false → no need to check (rule only applies if P true).  
3. **Signed Contract** → Q is true → no violation regardless of P (because if Q true, P→Q is satisfied).  
4. **No Contract** → Q is false → must check if P is true (Adopted Pet). Must turn over.  

---

**Cards to turn over:** Adopted Pet, No Contract  

ANSWER: Adopted Pet, No Contract","['Adopted Pet', 'No Contract']","['P', 'not_Q']",CORRECT,85,282,0
27,T28,0,270042,"If you withdraw Cash, you must enter a PIN.","Rule: ""If you withdraw Cash, you must enter a PIN.""
Cards: ['Withdrawal', 'No PIN', 'Check Balance', 'Entered PIN']

Which cards must you turn over?
Your answer:","['Withdrawal', 'No PIN', 'Check Balance', 'Entered PIN']","Let’s break this down.  

**Rule:** ""If you withdraw Cash, you must enter a PIN.""  
This is a conditional statement:  
- If **withdraw Cash** → then **must enter a PIN**.  
In logical terms:  
Let \( W \) = ""withdraw Cash""  
Let \( P \) = ""enter a PIN""  
Rule: \( W \rightarrow P \)  

**Contrapositive:** If not \( P \) (did not enter a PIN) → then not \( W \) (did not withdraw Cash).  

---

**Cards given:**  
1. **Withdrawal** → This means \( W \) is true.  
   To check the rule: If \( W \) is true, we must verify \( P \) is true.  
   So we must turn this card to check the back for whether PIN was entered.  

2. **No PIN** → This means \( P \) is false (did not enter a PIN).  
   Contrapositive says: If \( P \) is false, then \( W \) must be false.  
   So we must turn this card to check if it says ""Withdrawal"" on the other side (which would violate the rule).  

3. **Check Balance** → This is **not** \( W \) (not withdrawing cash).  
   Rule \( W \rightarrow P \) says nothing about what happens when \( W \) is false.  
   So even if they entered a PIN or not, it doesn’t violate the rule.  
   No need to turn.  

4. **Entered PIN** → This means \( P \) is true.  
   Rule \( W \rightarrow P \) is automatically satisfied if \( P \) is true (because if \( W \) is true, \( P \) is true; if \( W \) is false, rule is irrelevant).  
   So no need to turn.  

---

**Must turn over:** Withdrawal (to check if PIN was entered) and No PIN (to check if it was a withdrawal).  

ANSWER: Withdrawal, No PIN","['Withdrawal', 'No PIN']","['P', 'not_Q']",CORRECT,83,422,0
27,T28,1,270043,"If you withdraw Cash, you must enter a PIN.","Rule: ""If you withdraw Cash, you must enter a PIN.""
Cards: ['No PIN', 'Withdrawal', 'Entered PIN', 'Check Balance']

Which cards must you turn over?
Your answer:","['No PIN', 'Withdrawal', 'Entered PIN', 'Check Balance']","Let’s break this down.  

The rule is:  
**If you withdraw Cash, you must enter a PIN.**  

In logical form:  
Let \( W \) = ""Withdraw Cash""  
Let \( P \) = ""Enter a PIN""  

Rule: \( W \rightarrow P \) (If W, then P)  

To check violations of this rule, we look for:  
1. \( W \) true and \( P \) false (withdraw cash but did not enter PIN)  
2. Other cases (not W, or P true) do not violate the rule.  

---

**Cards given:**  
- **No PIN** → This means \( P \) is false.  
  To check a violation: we need \( W \) true. So we must see if the other side says ""Withdrawal"". If it does, rule broken. So we must turn this card.  

- **Withdrawal** → This means \( W \) is true.  
  To check a violation: we need \( P \) false. So we must see if the other side says ""No PIN"" or something meaning no PIN entered. So we must turn this card.  

- **Entered PIN** → This means \( P \) is true.  
  \( W \rightarrow P \) is satisfied regardless of \( W \) (because P is true, implication is true). No need to turn.  

- **Check Balance** → This means \( W \) is false (not withdrawing cash).  
  \( W \rightarrow P \) is automatically true when \( W \) is false. No need to turn.  

---

**Cards to turn over:**  
1. **No PIN** (to check if other side says Withdrawal)  
2. **Withdrawal** (to check if other side says No PIN)  

---

ANSWER: No PIN, Withdrawal","['No PIN', 'Withdrawal']","['P', 'not_Q']",CORRECT,83,378,0
27,T28,2,270044,"If you withdraw Cash, you must enter a PIN.","Rule: ""If you withdraw Cash, you must enter a PIN.""
Cards: ['Entered PIN', 'Check Balance', 'No PIN', 'Withdrawal']

Which cards must you turn over?
Your answer:","['Entered PIN', 'Check Balance', 'No PIN', 'Withdrawal']","Let’s break this down.  

The rule is:  
**If you withdraw Cash, you must enter a PIN.**  

In logical form:  
If **W** (Withdrawal), then **P** (Entered PIN).  

Contrapositive:  
If **not P** (No PIN), then **not W** (not Withdrawal).  

We have four cards:  

1. **Entered PIN** → P is true.  
2. **Check Balance** → not W (irrelevant to antecedent).  
3. **No PIN** → not P.  
4. **Withdrawal** → W.  

To test the rule, we need to check:  
- Cards where **W** is true (must check P is true) → Card 4 (Withdrawal).  
- Cards where **P is false** (must check W is false) → Card 3 (No PIN).  

Cards 1 (Entered PIN) and 2 (Check Balance) don’t need checking because:  
- Card 1: P true, rule says nothing about what happens if P true (could be W or not W, no violation).  
- Card 2: not W, rule says nothing about what happens if not W (could be P or not P, no violation).  

So only cards to turn over: **Withdrawal** and **No PIN**.  

ANSWER: Withdrawal, No PIN","['Withdrawal', 'No PIN']","['P', 'not_Q']",CORRECT,83,294,0
27,T28,3,270045,"If you withdraw Cash, you must enter a PIN.","Rule: ""If you withdraw Cash, you must enter a PIN.""
Cards: ['Withdrawal', 'Check Balance', 'Entered PIN', 'No PIN']

Which cards must you turn over?
Your answer:","['Withdrawal', 'Check Balance', 'Entered PIN', 'No PIN']","Let’s break this down.  

The rule is:  
**If you withdraw Cash, you must enter a PIN.**  

In logical form:  
- If **W** (withdraw Cash), then **P** (enter PIN).  
- Contrapositive: If **not P** (did not enter PIN), then **not W** (did not withdraw Cash).  

We have four cards:  
1. **Withdrawal** → W is true (we need to check P)  
2. **Check Balance** → not W (irrelevant to antecedent)  
3. **Entered PIN** → P is true (irrelevant to consequent in forward direction for checking rule)  
4. **No PIN** → not P (we need to check W)  

To test the rule, we must check:  
- **W card** (Withdrawal): Must see if other side has “Entered PIN” or not. If it has “No PIN,” rule is broken. So must turn.  
- **Check Balance card**: This is “not W,” so rule’s “if” part is false — no constraint. Don’t need to turn.  
- **Entered PIN card**: P true; rule says nothing about what happens if P is true (could be W or not W, both allowed). So no need to turn.  
- **No PIN card**: This is “not P”; contrapositive says if not P, then not W. Must check if other side is “Withdrawal.” If it is, rule is broken. So must turn.  

Thus, must turn over: **Withdrawal** and **No PIN**.  

ANSWER: Withdrawal, No PIN","['Withdrawal', 'No PIN']","['P', 'not_Q']",CORRECT,83,349,0
27,T28,4,270046,"If you withdraw Cash, you must enter a PIN.","Rule: ""If you withdraw Cash, you must enter a PIN.""
Cards: ['Entered PIN', 'Withdrawal', 'Check Balance', 'No PIN']

Which cards must you turn over?
Your answer:","['Entered PIN', 'Withdrawal', 'Check Balance', 'No PIN']","Let’s break this down.  

The rule is:  
**If you withdraw Cash, you must enter a PIN.**  

In logical form:  
If **W** (Withdraw Cash), then **P** (Enter PIN).  
W → P  

---

**Step 1 – Identify what each card represents logically:**  
- ‘Entered PIN’ → P (entered PIN is true)  
- ‘Withdrawal’ → W (withdraw cash is true)  
- ‘Check Balance’ → Not W (this is not withdrawing cash)  
- ‘No PIN’ → Not P (did not enter PIN)  

---

**Step 2 – Determine which cards must be checked to test the rule W → P.**  
We need to check for possible violations:  
A violation occurs when **W is true and P is false**.  

So we must check:  
1. Cards where **W is true** (Withdrawal) → to see if P is false on the other side.  
2. Cards where **P is false** (No PIN) → to see if W is true on the other side.  

---

**Step 3 – Evaluate each card:**  
- **‘Entered PIN’ (P true)**:  
  If P is true, the rule W → P is not violated regardless of what’s on the other side (because if P is true, the consequent is satisfied).  
  → No need to check.  

- **‘Withdrawal’ (W true)**:  
  If W is true, we must check the other side to ensure P is true. If the other side is “No PIN,” that violates the rule.  
  → Must check this card.  

- **‘Check Balance’ (Not W)**:  
  If W is false, the rule W → P is automatically true (vacuously true).  
  → No need to check.  

- **‘No PIN’ (Not P)**:  
  If P is false, we must check the other side to ensure W is false. If the other side is “Withdrawal,” that violates the rule.  
  → Must check this card.  

---

**Step 4 – Conclusion:**  
Cards to turn over: **Withdrawal** and **No PIN**.  

---

ANSWER: Withdrawal, No PIN","['Withdrawal', 'No PIN']","['P', 'not_Q']",CORRECT,83,479,0
28,T29,0,280042,"If you go Scuba Diving, you must be Certified.","Rule: ""If you go Scuba Diving, you must be Certified.""
Cards: ['Snorkeling', 'Certified', 'Diving', 'Uncertified']

Which cards must you turn over?
Your answer:","['Snorkeling', 'Certified', 'Diving', 'Uncertified']","Let’s break this down.  

**Step 1: Understand the rule in logical form**  
Rule: ""If you go Scuba Diving, you must be Certified.""  
This is:  
If **Diving** → **Certified**.  

In logic terms:  
Let \( P \) = ""go Scuba Diving""  
Let \( Q \) = ""be Certified""  
Rule: \( P \rightarrow Q \)  

**Step 2: What cards must be checked to test the rule?**  
To test \( P \rightarrow Q \), we check:  
1. Cards where \( P \) is true (Diving) — must verify \( Q \) is true (Certified).  
2. Cards where \( Q \) is false (Uncertified) — must verify \( P \) is false (not Diving).  

**Step 3: Map cards to logical states**  
Cards:  
- Snorkeling → not Diving, unknown Certified status (but irrelevant for \( P \) true case).  
- Certified → \( Q \) true, unknown \( P \) (Diving or not).  
- Diving → \( P \) true, must check \( Q \) (Certified).  
- Uncertified → \( Q \) false, must check \( P \) (not Diving).  

**Step 4: Which cards must be turned over?**  
- **Diving** (\( P \) true): Must check if Certified on back. → **Turn over**.  
- **Uncertified** (\( Q \) false): Must check if not Diving on back. → **Turn over**.  

Snorkeling: not Diving, so rule not violated regardless of Certified status.  
Certified: \( Q \) true, so rule not violated regardless of Diving status.  

**Step 5: Conclusion**  
Must turn over: Diving, Uncertified.  

ANSWER: Diving, Uncertified","['Diving', 'Uncertified']","['P', 'not_Q']",CORRECT,86,399,0
28,T29,1,280043,"If you go Scuba Diving, you must be Certified.","Rule: ""If you go Scuba Diving, you must be Certified.""
Cards: ['Snorkeling', 'Diving', 'Uncertified', 'Certified']

Which cards must you turn over?
Your answer:","['Snorkeling', 'Diving', 'Uncertified', 'Certified']","Let’s break this down.  

**Rule:** ""If you go Scuba Diving, you must be Certified.""  
This is a conditional statement:  
- If **Scuba Diving** → then **Certified**.  
- In logic terms: **Diving → Certified** (where ""Diving"" means ""go Scuba Diving"" and ""Certified"" means ""is Certified"").

**Contrapositive:** If **not Certified** → then **not Diving**.

**Cards given:**  
1. **Snorkeling** — This is not ""Scuba Diving"", so the rule doesn’t apply to it directly. No need to check unless we suspect someone might be Diving while Snorkeling? But the rule only cares about Diving, so irrelevant.  
2. **Diving** — Must check the back for ""Certified"" or not. If not Certified, rule broken.  
3. **Uncertified** — Must check the back for ""Diving"" or not. If Diving, rule broken (contrapositive).  
4. **Certified** — No need to check, because rule says ""If Diving, then Certified"", not ""If Certified, then Diving"". Being Certified doesn’t guarantee Diving, so no violation possible.

**Cards to turn over:**  
- **Diving** (to ensure back says Certified)  
- **Uncertified** (to ensure back does **not** say Diving)  

Snorkeling and Certified are irrelevant to the rule’s enforcement.

ANSWER: Diving, Uncertified","['Diving', 'Uncertified']","['P', 'not_Q']",CORRECT,86,330,0
28,T29,2,280044,"If you go Scuba Diving, you must be Certified.","Rule: ""If you go Scuba Diving, you must be Certified.""
Cards: ['Diving', 'Snorkeling', 'Certified', 'Uncertified']

Which cards must you turn over?
Your answer:","['Diving', 'Snorkeling', 'Certified', 'Uncertified']","Let’s break this down.  

The rule is:  
**If you go Scuba Diving, you must be Certified.**  
In logical form:  
If **Diving** → **Certified**.  

Contrapositive:  
If **not Certified** → **not Diving**.  

We have four cards:  
1. **Diving**  
2. **Snorkeling**  
3. **Certified**  
4. **Uncertified**  

We need to check only those cards that could violate the rule.  

---

**Step 1 – Interpret the rule in terms of necessary and sufficient conditions**  
The rule says:  
- Diving requires Certification.  
- So if someone is Diving, we must check they are Certified.  
- If someone is not Certified, we must check they are not Diving.  

---

**Step 2 – Check each card**  

**Card 1: Diving**  
If this person is Diving, are they Certified?  
We must turn this card to check the other side for Certification status.  
→ **Must turn**.  

**Card 2: Snorkeling**  
Snorkeling is not mentioned in the rule. The rule only applies to Scuba Diving.  
Even if they are Snorkeling, they could be Certified or Uncertified — no restriction.  
→ **No need to turn**.  

**Card 3: Certified**  
If this person is Certified, does that violate the rule?  
No — the rule doesn’t say “If Certified, then Diving.”  
It only says Diving requires Certification, but Certification alone doesn’t require Diving.  
So no violation possible here.  
→ **No need to turn**.  

**Card 4: Uncertified**  
If this person is Uncertified, they must not be Diving (contrapositive).  
We must check the other side to make sure they are not Diving.  
→ **Must turn**.  

---

**Step 3 – Conclusion**  
Cards to turn: **Diving** and **Uncertified**.  

ANSWER: Diving, Uncertified","['Diving', 'Uncertified']","['P', 'not_Q']",CORRECT,86,444,0
28,T29,3,280045,"If you go Scuba Diving, you must be Certified.","Rule: ""If you go Scuba Diving, you must be Certified.""
Cards: ['Certified', 'Uncertified', 'Diving', 'Snorkeling']

Which cards must you turn over?
Your answer:","['Certified', 'Uncertified', 'Diving', 'Snorkeling']","Let’s break this down.  

The rule is:  
**If you go Scuba Diving, you must be Certified.**  
In logical form:  
If Diving → Certified.  
Contrapositive: If not Certified → not Diving.  

We have four cards:  

1. **Certified**  
2. **Uncertified**  
3. **Diving**  
4. **Snorkeling**  

We need to check only the cards that could violate the rule.  

---

**Step 1 – Identify possible violations**  
The rule says:  
- It’s possible to be Certified and not Diving (no violation).  
- It’s possible to be not Certified and not Diving (no violation).  
- It’s **not** possible to be Diving and not Certified (violation).  

So we check:  
- **Diving** card: Must check the back to see if the person is Certified. If the back says “Uncertified,” that violates the rule.  
- **Uncertified** card: Must check the back to see if they are Diving. If the back says “Diving,” that violates the rule.  

---

**Step 2 – Check other cards**  
- **Certified** card: Back could be Diving or Snorkeling. Both are fine (Diving with Certified is okay; Snorkeling with Certified is irrelevant to rule). No need to check.  
- **Snorkeling** card: Rule only talks about Scuba Diving, not Snorkeling. Snorkeling without Certification doesn’t violate the rule. No need to check.  

---

**Step 3 – Conclusion**  
Only cards that must be turned over: **Diving** and **Uncertified**.  

---

ANSWER: Diving, Uncertified","['Diving', 'Uncertified']","['P', 'not_Q']",CORRECT,86,380,0
28,T29,4,280046,"If you go Scuba Diving, you must be Certified.","Rule: ""If you go Scuba Diving, you must be Certified.""
Cards: ['Certified', 'Diving', 'Uncertified', 'Snorkeling']

Which cards must you turn over?
Your answer:","['Certified', 'Diving', 'Uncertified', 'Snorkeling']","Let’s break this down.  

The rule is:  
> If you go Scuba Diving, you must be Certified.  

In logic terms:  
- If **Diving** → **Certified**.  
- Contrapositive: If **not Certified** → **not Diving**.  

We have four cards:  
1. **Certified**  
2. **Diving**  
3. **Uncertified**  
4. **Snorkeling**  

We need to check only cards that could violate the rule.  

**Step 1 – Identify possible violations:**  
The rule says nothing about what happens if you are Certified (you could be doing anything, or not diving).  
The rule also says nothing about Snorkeling (snorkeling is not scuba diving, so rule doesn’t apply).  

Possible violations:  
- A person is **Diving** but **not Certified** → violates the rule.  
- A person is **not Certified** but **Diving** → same as above.  

**Step 2 – Check each card:**  
- **Certified**: This card shows the person is certified. The rule doesn’t require certified people to be doing anything specific, so no need to check the other side.  
- **Diving**: This card shows the person is diving. We must check the other side to ensure they are Certified. If the other side says Uncertified, that violates the rule. So **must turn over Diving**.  
- **Uncertified**: This card shows the person is not certified. The contrapositive says: if not certified → not diving. So we must check the other side to ensure they are not Diving. If the other side says Diving, that violates the rule. So **must turn over Uncertified**.  
- **Snorkeling**: This card shows an activity other than scuba diving. The rule only applies to scuba diving, so snorkeling is irrelevant. No need to turn over.  

**Step 3 – Conclusion:**  
Must turn over: **Diving** and **Uncertified**.  

ANSWER: Diving, Uncertified","['Diving', 'Uncertified']","['P', 'not_Q']",CORRECT,86,443,0
29,T30,0,290042,"If a package is Fragile, it must have a Label.","Rule: ""If a package is Fragile, it must have a Label.""
Cards: ['No Label', 'Fragile Item', 'Standard Item', 'Has Label']

Which cards must you turn over?
Your answer:","['No Label', 'Fragile Item', 'Standard Item', 'Has Label']","Let’s break this down.  

**Rule:** ""If a package is Fragile, it must have a Label.""  
This is a conditional statement:  
- If **Fragile** → then **must have Label**.  
- Logically: **Fragile → Label**  

Contrapositive: If **no Label** → then **not Fragile**.  

We are checking for violations of the rule.  
A violation would be: **Fragile** and **No Label**.  

---

**Cards given:**  
1. **No Label** → Check if it’s Fragile (if it is, rule broken).  
2. **Fragile Item** → Check if it has a Label (if not, rule broken).  
3. **Standard Item** → Not fragile, so rule doesn’t apply (no need to check).  
4. **Has Label** → Could be fragile or not; if fragile, it has label (okay), if not fragile, irrelevant. So no need to check this card for violation.  

---

**Which to turn over to test the rule?**  
- **Fragile Item** (must check for Label)  
- **No Label** (must check if it’s Fragile)  

The others don’t test the rule directly for violations.  

---

ANSWER: Fragile Item, No Label","['Fragile Item', 'No Label']","['P', 'not_Q']",CORRECT,86,284,0
29,T30,1,290043,"If a package is Fragile, it must have a Label.","Rule: ""If a package is Fragile, it must have a Label.""
Cards: ['Standard Item', 'No Label', 'Has Label', 'Fragile Item']

Which cards must you turn over?
Your answer:","['Standard Item', 'No Label', 'Has Label', 'Fragile Item']","Let’s break this down.  

**Rule:**  
""If a package is Fragile, it must have a Label.""  
This is a conditional statement:  
- If **Fragile** → then **must have Label**.  
- Logically: **Fragile → Label** (equivalent to: if not Label, then not Fragile).  

**Cards:**  
1. **Standard Item** → Not fragile (so rule doesn’t require checking for label).  
2. **No Label** → If there’s no label, we must check if it’s fragile (because if it were fragile, that would break the rule).  
3. **Has Label** → Having a label doesn’t violate the rule regardless of whether it’s fragile or not, so no need to check.  
4. **Fragile Item** → If fragile, we must check if it has a label (because rule says fragile must have label).  

**Which to turn over to check rule?**  
We turn over only cards that could possibly violate the rule:  
- **Fragile Item** (to see if it has a label)  
- **No Label** (to see if it’s fragile)  

**Final answer:**  
ANSWER: Fragile Item, No Label","['Fragile Item', 'No Label']","['P', 'not_Q']",CORRECT,86,266,0
29,T30,2,290044,"If a package is Fragile, it must have a Label.","Rule: ""If a package is Fragile, it must have a Label.""
Cards: ['Standard Item', 'Fragile Item', 'No Label', 'Has Label']

Which cards must you turn over?
Your answer:","['Standard Item', 'Fragile Item', 'No Label', 'Has Label']","Let’s break this down.  

**Rule:**  
""If a package is Fragile, it must have a Label.""  
This is a conditional statement:  
- If **Fragile** → then **must have Label**.  
- Contrapositive: If **does not have Label** → then **must not be Fragile**.  

**Cards given:**  
1. **Standard Item** → Not fragile.  
2. **Fragile Item** → Fragile.  
3. **No Label** → Does not have a label.  
4. **Has Label** → Has a label.  

**Checking each card:**  
We only need to turn over cards that could **violate** the rule.  

- **Standard Item** (not fragile):  
  The rule says nothing about non-fragile items, so they can have a label or not. No need to check.  

- **Fragile Item** (fragile):  
  Must check if it has a label. If it doesn’t, rule is broken. So **must turn over**.  

- **No Label** (does not have label):  
  According to contrapositive, if no label → must not be fragile. Must check if it’s fragile. If it is fragile, rule is broken. So **must turn over**.  

- **Has Label** (has label):  
  If it has a label, the rule doesn’t care if it’s fragile or not (fragile items are allowed to have labels, and non-fragile items can also have labels). No need to check.  

**Cards to turn over:** Fragile Item, No Label.  

ANSWER: Fragile Item, No Label","['Fragile Item', 'No Label']","['P', 'not_Q']",CORRECT,86,354,0
29,T30,3,290045,"If a package is Fragile, it must have a Label.","Rule: ""If a package is Fragile, it must have a Label.""
Cards: ['Has Label', 'Standard Item', 'No Label', 'Fragile Item']

Which cards must you turn over?
Your answer:","['Has Label', 'Standard Item', 'No Label', 'Fragile Item']","Let’s restate the rule in logical terms:  

Rule: If a package is Fragile, then it must have a Label.  
In logical implication:  
Fragile → Label  
(If Fragile is true, then Label must be true.)

We are asked which cards must be turned over to check the rule’s truth for these cards:

Cards:
1. ""Has Label"" → Label is true  
2. ""Standard Item"" → Fragile is false (it says Standard, so not Fragile)  
3. ""No Label"" → Label is false  
4. ""Fragile Item"" → Fragile is true  

For an implication \( P \rightarrow Q \) (where \( P = Fragile, Q = Label \)):  
We only need to check cases where:  
- \( P \) is true (Fragile) → must verify \( Q \) is true (Label)  
- \( Q \) is false (No Label) → must verify \( P \) is false (not Fragile)  

Cases that don’t matter:  
- \( P \) false (Standard Item) → implication holds regardless of \( Q \)  
- \( Q \) true (Has Label) → no violation regardless of \( P \)  

So we check:
- **Fragile Item** (P true) → turn over to see if it indeed has Label (Q true).  
- **No Label** (Q false) → turn over to see if it is Fragile (P true).  

The other cards:  
""Has Label"" — no need to check (if it’s Fragile, it would satisfy the rule; if it’s not Fragile, still fine).  
""Standard Item"" — no need to check (since P false, rule automatically satisfied).  

Therefore, must turn over: Fragile Item and No Label.

ANSWER: Fragile Item, No Label","['Fragile Item', 'No Label']","['P', 'not_Q']",CORRECT,86,390,0
29,T30,4,290046,"If a package is Fragile, it must have a Label.","Rule: ""If a package is Fragile, it must have a Label.""
Cards: ['Fragile Item', 'Standard Item', 'No Label', 'Has Label']

Which cards must you turn over?
Your answer:","['Fragile Item', 'Standard Item', 'No Label', 'Has Label']","Let’s break this down.  

**Rule:**  
""If a package is Fragile, it must have a Label.""  
This is a conditional statement:  
- If **Fragile** → then **must have Label**.  
- Contrapositive: If **does not have Label** → then **must not be Fragile**.  

**Cards given:**  
1. **Fragile Item** → This is ""Fragile"". We must check if it has a Label.  
2. **Standard Item** → This is ""not Fragile"". The rule does not require anything for non-fragile items, so no need to check.  
3. **No Label** → This is ""does not have Label"". We must check if it is Fragile (if it is, rule is broken).  
4. **Has Label** → This is ""has Label"". The rule says nothing about labeled items possibly being fragile or not — they could be fragile or not fragile, both allowed. So no need to check.  

**Cards to turn over:**  
- Fragile Item (to confirm it has Label)  
- No Label (to confirm it is not Fragile)  

ANSWER: Fragile Item, No Label","['Fragile Item', 'No Label']","['P', 'not_Q']",CORRECT,86,252,0
30,T31,0,300042,"If you claim the Warranty, you must have the Receipt.","Rule: ""If you claim the Warranty, you must have the Receipt.""
Cards: ['Has Receipt', 'Claiming Warranty', 'No Receipt', 'Buying New']

Which cards must you turn over?
Your answer:","['Has Receipt', 'Claiming Warranty', 'No Receipt', 'Buying New']","The rule is a conditional: ""If you claim the Warranty, you must have the Receipt.""  
This can be expressed logically as:  
Claiming Warranty → Has Receipt.

To test whether the rule is being followed, we need to check only two types of cards:

1. Cards where the antecedent is true (Claiming Warranty) — must check if the consequent (Has Receipt) is also true.  
2. Cards where the consequent is false (No Receipt) — must check that the antecedent (Claiming Warranty) is not true, because if someone has no receipt but is claiming warranty, the rule would be violated.

Now, looking at the cards:  
- 'Has Receipt' — this is the consequent being true. No need to check, because the rule only says if claiming warranty then must have receipt; having a receipt without claiming warranty does not violate anything.  
- 'Claiming Warranty' — antecedent is true, must check the other side to ensure ""Has Receipt"" is true. So we must turn this over.  
- 'No Receipt' — consequent is false, must check the other side to ensure ""Claiming Warranty"" is false. So we must turn this over.  
- 'Buying New' — irrelevant to the rule. The antecedent (claiming warranty) is false here, so the rule doesn't apply; no need to check.

Thus, we must turn over: Claiming Warranty and No Receipt.

ANSWER: Claiming Warranty, No Receipt","['Claiming Warranty', 'No Receipt']","['P', 'not_Q']",CORRECT,90,317,0
30,T31,1,300043,"If you claim the Warranty, you must have the Receipt.","Rule: ""If you claim the Warranty, you must have the Receipt.""
Cards: ['Claiming Warranty', 'Buying New', 'No Receipt', 'Has Receipt']

Which cards must you turn over?
Your answer:","['Claiming Warranty', 'Buying New', 'No Receipt', 'Has Receipt']","Let’s reason step by step.

**Step 1: Interpret the rule**  
Rule: “If you claim the Warranty, you must have the Receipt.”  
In logic terms: If P (claim warranty), then Q (have receipt).  
P → Q  

**Step 2: Identify the contrapositive**  
Contrapositive: If not Q (no receipt), then not P (not claim warranty).  
¬Q → ¬P  

**Step 3: Determine which cards need checking**  
To verify the rule, we must test two things:  
1. Check any case where P is true — we must confirm Q is also true.  
2. Check any case where Q is false — we must confirm P is false.  

Other cases (P false, Q true) do not violate the rule.

**Step 4: Translate to the given cards**  
- P = “Claiming Warranty” (claim warranty)  
- Q = “Has Receipt” (have receipt)  
- ¬P = “Buying New” — note: this is not explicitly the negation of “Claiming Warranty” unless “Buying New” implies not claiming warranty. But in this context, each card is a separate statement, so we consider only those relevant.  
The card “No Receipt” corresponds to ¬Q.

Cards:  
- “Claiming Warranty” → P  
- “Buying New” → irrelevant to P and Q (not necessarily ¬P)  
- “No Receipt” → ¬Q  
- “Has Receipt” → Q  

**Step 5: Apply the check conditions**  
We need to check:  
1. Card showing “Claiming Warranty” (P) — must verify that “Has Receipt” (Q) is true on the other side.  
2. Card showing “No Receipt” (¬Q) — must verify that “Claiming Warranty” (P) is false on the other side.

Cards we don’t need to check:  
- “Buying New” — because even if on the other side it showed “No Receipt,” that’s ¬Q but P is false (since it says Buying New, not Claiming Warranty), so rule is not violated. Similarly, if it showed “Has Receipt,” that’s fine because P is false anyway.  
- “Has Receipt” (Q) — if Q is true, the rule doesn’t require P to be true or false; it’s okay.

**Step 6: Conclusion**  
Cards to turn over: “Claiming Warranty” and “No Receipt.”  

ANSWER: Claiming Warranty, No Receipt","['Claiming Warranty', 'No Receipt']","['P', 'not_Q']",CORRECT,90,560,0
30,T31,2,300044,"If you claim the Warranty, you must have the Receipt.","Rule: ""If you claim the Warranty, you must have the Receipt.""
Cards: ['Has Receipt', 'No Receipt', 'Claiming Warranty', 'Buying New']

Which cards must you turn over?
Your answer:","['Has Receipt', 'No Receipt', 'Claiming Warranty', 'Buying New']","Let’s break this down.  

The rule is:  
> If you claim the Warranty, you must have the Receipt.  

In logical form:  
Claim Warranty → Has Receipt  

This is equivalent to:  
If not (Has Receipt) then not (Claim Warranty).  

---

**Step 1 – Identify what each card represents logically**  
- ‘Has Receipt’ → Receipt = True  
- ‘No Receipt’ → Receipt = False  
- ‘Claiming Warranty’ → Claim = True  
- ‘Buying New’ → This is unrelated to the rule (doesn’t mention Claim or Receipt directly).  

---

**Step 2 – Determine which cards to check to test the rule**  
We want to make sure there is no case where **Claim Warranty is True** but **Has Receipt is False**.  

So we check:  

1. **Cards where Claim Warranty is True** → Must check the Receipt status.  
   - Card: ‘Claiming Warranty’ → Turn it over to see if other side has “No Receipt” (which would break the rule).  

2. **Cards where Has Receipt is False** → Must check if they are Claiming Warranty (because if they are, rule is broken).  
   - Card: ‘No Receipt’ → Turn it over to see if other side says “Claiming Warranty”.  

---

**Step 3 – Eliminate irrelevant cards**  
- ‘Has Receipt’ → If you turn it over, you might find “Claiming Warranty” or “Not Claiming Warranty” — either is fine under the rule (having receipt doesn’t forbid claiming warranty, nor require it). So not necessary.  
- ‘Buying New’ → Turning it over could show “Has Receipt” or “No Receipt” — irrelevant to the rule because rule only cares about Claiming Warranty.  

---

**Step 4 – Conclusion**  
Must turn over: **Claiming Warranty** and **No Receipt**.  

---

ANSWER: Claiming Warranty, No Receipt","['Claiming Warranty', 'No Receipt']","['P', 'not_Q']",CORRECT,90,442,0
30,T31,3,300045,"If you claim the Warranty, you must have the Receipt.","Rule: ""If you claim the Warranty, you must have the Receipt.""
Cards: ['No Receipt', 'Buying New', 'Has Receipt', 'Claiming Warranty']

Which cards must you turn over?
Your answer:","['No Receipt', 'Buying New', 'Has Receipt', 'Claiming Warranty']","Let’s break this down.  

The rule is:  
> If you claim the Warranty, you must have the Receipt.  

In logic terms:  
Claim Warranty → Has Receipt.  

This is equivalent to:  
If not (Has Receipt) then not (Claim Warranty).  

---

**Step 1 – Identify what needs to be checked**  
To test whether the rule is being followed, we need to check:  

1. **Cards where someone is Claiming Warranty** → must check that they have Receipt.  
   - If they are Claiming Warranty but don’t have Receipt, rule is broken.  

2. **Cards where someone does not have Receipt** → must check that they are not Claiming Warranty.  
   - If they don’t have Receipt but are Claiming Warranty, rule is broken.  

---

**Step 2 – List the cards**  
Cards:  
- No Receipt  
- Buying New  
- Has Receipt  
- Claiming Warranty  

---

**Step 3 – Apply checks**  

1. **Claiming Warranty** → Must check back side for Receipt status.  
   - Card: ""Claiming Warranty"" → turn over to see if it says ""Has Receipt"" or ""No Receipt"".  

2. **No Receipt** → Must check back side to see if they are Claiming Warranty.  
   - Card: ""No Receipt"" → turn over to see if it says ""Claiming Warranty"" or something else.  

---

**Step 4 – Eliminate unnecessary cards**  

- **Buying New**:  
  This is irrelevant to the rule. The rule only links Claiming Warranty and Receipt. Buying New doesn’t imply Claiming Warranty, and not having receipt doesn’t matter unless they are Claiming Warranty. So no need to check.  

- **Has Receipt**:  
  If someone has Receipt, the rule doesn’t forbid them from Claiming Warranty or not Claiming Warranty. Having Receipt is fine regardless of whether they claim warranty. So no need to check.  

---

**Step 5 – Conclusion**  
Must turn over:  
1. **No Receipt** (to ensure they are not Claiming Warranty)  
2. **Claiming Warranty** (to ensure they have Receipt)  

---

ANSWER: No Receipt, Claiming Warranty","['No Receipt', 'Claiming Warranty']","['P', 'not_Q']",CORRECT,90,515,0
30,T31,4,300046,"If you claim the Warranty, you must have the Receipt.","Rule: ""If you claim the Warranty, you must have the Receipt.""
Cards: ['Has Receipt', 'Claiming Warranty', 'Buying New', 'No Receipt']

Which cards must you turn over?
Your answer:","['Has Receipt', 'Claiming Warranty', 'Buying New', 'No Receipt']","Let’s break this down.  

The rule is:  
> If you claim the Warranty, you must have the Receipt.  

In logical form:  
Claim Warranty → Has Receipt  

This is equivalent to:  
If not (Has Receipt) then not (Claim Warranty).  

We are checking for violations:  
- Someone claiming the warranty but not having the receipt.  

---

**Cards given:**  
1. **Has Receipt**  
2. **Claiming Warranty**  
3. **Buying New**  
4. **No Receipt**  

---

**Step 1 – Identify which cards could possibly violate the rule.**  
Violation happens if:  
- **Front of card** shows “Claiming Warranty” but **back of card** shows “No Receipt”.  
- Or equivalently: if front shows “No Receipt”, back must not be “Claiming Warranty”.  

---

**Step 2 – Check each card for necessity to turn over.**  

1. **Has Receipt**  
   - Front: “Has Receipt”  
   - Rule only says: if claim warranty → must have receipt.  
   - Having receipt while not claiming warranty is fine.  
   - Flipping this card: if back says “Claiming Warranty”, that’s fine (has receipt).  
   - If back says “Not Claiming Warranty”, also fine.  
   - So no possible violation from this card’s back.  
   → **Do not need to turn**.  

2. **Claiming Warranty**  
   - Front: “Claiming Warranty”  
   - To check violation: must see if back has “No Receipt”.  
   - If back has “No Receipt”, rule broken.  
   → **Must turn** to check back.  

3. **Buying New**  
   - Front: “Buying New”  
   - Rule is about warranty and receipt, not about buying new.  
   - Buying new doesn’t trigger the rule’s condition.  
   - Flipping it: even if back says “No Receipt”, that’s fine because front wasn’t “Claiming Warranty”.  
   → **Do not need to turn**.  

4. **No Receipt**  
   - Front: “No Receipt”  
   - If someone has no receipt, they must not be claiming warranty.  
   - So we must check back: if back says “Claiming Warranty”, that’s a violation.  
   → **Must turn** to check back.  

---

**Step 3 – Conclusion**  
Must turn over: **Claiming Warranty** and **No Receipt**.  

---

ANSWER: Claiming Warranty, No Receipt","['Claiming Warranty', 'No Receipt']","['P', 'not_Q']",CORRECT,90,578,0
31,T32,0,310042,"If you enter the Pool, you must Shower first.","Rule: ""If you enter the Pool, you must Shower first.""
Cards: ['Entering Pool', 'Dry', 'Sunbathing', 'Showered']

Which cards must you turn over?
Your answer:","['Entering Pool', 'Dry', 'Sunbathing', 'Showered']","Let’s break this down.  

The rule is:  
**If you enter the Pool, you must Shower first.**  
This can be written logically as:  
\[
\text{Enter Pool} \rightarrow \text{Shower first}
\]  

In logical terms:  
- **P**: Enter Pool  
- **Q**: Shower first  

The contrapositive is:  
\[
\text{Not Q} \rightarrow \text{Not P}
\]  
i.e., If you did not Shower first, then you did not Enter Pool.  

We check each card to see if it could violate the rule:  

1. **Entering Pool** → Must check if the person showered first. If not, rule broken. So turn this card.  
2. **Dry** → This is not directly about P or Q. ""Dry"" could mean they didn’t swim, or they showered but dried off, etc. Does not test the rule directly. No need to turn.  
3. **Sunbathing** → Not about P or Q. Sunbathing doesn’t necessarily mean they entered the pool. No need to turn.  
4. **Showered** → This is Q (Shower first). Does this guarantee they entered the pool? No — the rule says if they enter, they must shower, but showering doesn’t mean they entered. However, we need to check the **contrapositive**: If they did not shower, they must not have entered. So the only way to violate the rule from the Q side is if they did **not** shower but still entered. That means we need to check cards where Q is false (not showered).  
   But here the card says ""Showered"" (Q true). That doesn’t violate the rule regardless of P. So no need to turn.  

Wait — standard Wason selection task logic:  
We must check **P** (Enter Pool) to see if Q is true.  
We must check **not Q** (Did not shower) to see if P is false.  

Cards:  
- Entering Pool → P true → must check Q.  
- Dry → Not P, not Q? Dry doesn’t directly say ""not showered"" or ""not entered pool"" unambiguously. Usually in these tasks, ""Dry"" means they didn’t shower? Possibly, but here Dry could just mean they are dry now, maybe they showered and dried. So it’s ambiguous. In standard interpretation, ""Dry"" means not wet, so maybe they didn’t enter pool, but we don’t care about not P. Also, if Dry means not showered (not Q), then we must check if they entered pool. But does Dry = not showered? Not necessarily — you can shower and dry off. So maybe not.  
- Sunbathing → irrelevant.  
- Showered → Q true → irrelevant for checking rule.  

So only clear ones:  
**Entering Pool** (P) → check Q.  
**Dry** — if Dry means ""not showered"" (not Q), then we must check if they entered pool. In typical logic puzzles, ""Dry"" is taken as ""not showered"" because if you showered you’d be wet. So yes, Dry = not Q.  

Thus:  
- Entering Pool (P) → turn.  
- Dry (not Q) → turn.  

Sunbathing and Showered don’t need turning.  

ANSWER: Entering Pool, Dry","['Entering Pool', 'Dry']","['P', 'not_Q']",CORRECT,84,738,0
31,T32,1,310043,"If you enter the Pool, you must Shower first.","Rule: ""If you enter the Pool, you must Shower first.""
Cards: ['Showered', 'Entering Pool', 'Dry', 'Sunbathing']

Which cards must you turn over?
Your answer:","['Showered', 'Entering Pool', 'Dry', 'Sunbathing']","Let’s break this down.  

The rule is:  
**If you enter the Pool, you must Shower first.**  
This can be written logically as:  
\[
\text{Enter Pool} \rightarrow \text{Shower first}
\]  

In logical terms:  
- **Enter Pool** = P  
- **Shower first** = Q  
Rule: \( P \rightarrow Q \)  

We need to check for violations of this rule.  
A violation occurs when \( P \) is true and \( Q \) is false.  
So we must check:  
1. Cards where \( P \) is true (Enter Pool) → must verify \( Q \) is true (Showered).  
2. Cards where \( Q \) is false (not Showered) → must verify \( P \) is false (not Enter Pool).  

---

**Cards given:**  
- **Showered** → This means \( Q \) is true. No violation possible regardless of \( P \). No need to check this card for a violation.  
- **Entering Pool** → This means \( P \) is true. Must check if \( Q \) is true. So **must turn over** to see if they showered.  
- **Dry** → This is not directly \( P \) or \( Q \) in the rule. Being dry doesn’t logically tell us if they entered pool or showered. But we must think: Could “Dry” mean “not showered”? Possibly, but not necessarily — maybe they showered and dried off. The rule is about showering before entering pool, not about being wet/dry. So “Dry” is irrelevant logically unless we interpret it as “not showered.” But strictly, “Showered” is the Q condition. “Dry” could be **not Q** if we assume dry = didn’t shower. If so, then we must check if they entered pool. But the card says “Dry,” not “Didn’t shower.” In standard logic task, we take face value: “Showered” means Q true, “Dry” means unrelated property. So no need to check “Dry” for violation.  
- **Sunbathing** → Also irrelevant to P or Q.  

---

But in the **Wason selection task** style, we check:  
- P true card: “Entering Pool” → must check.  
- Not Q card: Which card is “not Showered”? None says “Didn’t shower” explicitly. But “Dry” might imply not showered? Possibly, but in the original task, “Dry” is not logically “not showered” because you can shower and then dry off. So “Dry” is irrelevant.  

Actually, in the usual abstract task, we only turn over cards that could show a violation:  
1. “Entering Pool” (P true) → check if showered.  
2. “Showered” (Q true) → no need to check, because even if P is false, rule holds.  
3. “Dry” → not P, not Q necessarily, so irrelevant.  
4. “Sunbathing” → irrelevant.  

Wait — but if “Dry” means “not showered” (Q false), then we must check if they entered pool.  
Given the context, they probably intend “Showered” = Q true, “Dry” = Q false (since if you just showered you’d be wet). So “Dry” means didn’t shower recently.  

So:  
- “Entering Pool” (P) → must check Q.  
- “Dry” (not Q) → must check P.  

---

Thus, the two cards to turn over: **Entering Pool** and **Dry**.  

---

ANSWER: Entering Pool, Dry","['Entering Pool', 'Dry']","['P', 'not_Q']",CORRECT,84,787,0
31,T32,2,310044,"If you enter the Pool, you must Shower first.","Rule: ""If you enter the Pool, you must Shower first.""
Cards: ['Sunbathing', 'Dry', 'Showered', 'Entering Pool']

Which cards must you turn over?
Your answer:","['Sunbathing', 'Dry', 'Showered', 'Entering Pool']","Let’s break this down.  

**Step 1: Understand the rule**  
Rule: ""If you enter the Pool, you must Shower first.""  
Logical form:  
If **P** (enter the Pool), then **Q** (must Shower first).  
P → Q  

**Step 2: Identify what each card represents**  
Cards:  
1. Sunbathing → Not relevant to P or Q directly (not ""entering Pool"" and not ""Showered"" as a requirement check).  
2. Dry → Not directly P or Q. Could be related to showering? But logically, ""Dry"" means not showered recently, but not necessarily violating the rule unless they are entering the Pool.  
3. Showered → This is Q (showered first).  
4. Entering Pool → This is P (entering Pool).  

**Step 3: Apply the Wason selection task logic**  
We need to check possible violations of P → Q.  
Violations happen if P is true and Q is false.  

So we must check:  
- **P true** (Entering Pool) → must verify Q is true (Showered).  
- **Q false** (not Showered) → must verify P is false (not Entering Pool).  

**Step 4: Match to cards**  
- ""Entering Pool"" → P true → must check other side for Q (Showered).  
- ""Showered"" → Q true → no need to check P? Wait, careful: If Q is true, rule could still be satisfied regardless of P. But if Q is false, we must check P. So we need to check cards where Q could be false.  

Which cards could show Q false?  
""Dry"" might imply not showered (so Q false).  
""Sunbathing"" — does it imply not showered? Not necessarily; could be showered then sunbathe. But logically, we only know Q false if card says ""not showered"" explicitly. ""Dry"" is not logically equivalent to ""not showered"" (could be dry after towel off), but in common interpretation of this puzzle, ""Dry"" means hasn’t showered recently, so likely Q false.  

But strictly logical: We need to test cases where P is true and Q is false.  
So turn over:  
1. P card (""Entering Pool"") → to check if Q is true on other side.  
2. Not-Q card → to check if P is false on other side.  

What is not-Q? ""Not showered"" — is there a card saying ""not showered""? No card explicitly says ""not showered"", but ""Dry"" is the closest. In standard Wason tasks, they use ""Dry"" to imply not showered.  

Also, ""Sunbathing"" is irrelevant — no P, no not-Q necessarily.  

**Step 5: Conclusion**  
Cards to turn over:  
- Entering Pool (P) → must check if Showered.  
- Dry (likely not-Q) → must check if Entering Pool.  

Showered (Q) → no need to check, because if Q is true, rule is satisfied regardless of P.  
Sunbathing → irrelevant.  

**Final answer:**  
ANSWER: Entering Pool, Dry","['Entering Pool', 'Dry']","['P', 'not_Q']",CORRECT,84,695,0
31,T32,3,310045,"If you enter the Pool, you must Shower first.","Rule: ""If you enter the Pool, you must Shower first.""
Cards: ['Dry', 'Entering Pool', 'Showered', 'Sunbathing']

Which cards must you turn over?
Your answer:","['Dry', 'Entering Pool', 'Showered', 'Sunbathing']","Let’s break this down.

The rule:  
""If you enter the Pool, you must Shower first.""  
In logical terms:  
- P = ""enter the Pool""  
- Q = ""Shower first""  
Rule is: P → Q.  

To test whether the rule is violated, we need to check two cases:  
1. Cards where P is true (enter Pool) → must check that Q is true (Showered). If Q is false, rule broken.  
2. Cards where Q is false (not Showered) → must check that P is false (not entering Pool). If P is true, rule broken.  

Cards given:  
- 'Dry' — Dry is neither P nor Q directly, but ""Dry"" means not in pool (not P), and no info about showering. It doesn't potentially violate P → Q because P is false, so rule doesn’t apply. No need to check.  
- 'Entering Pool' — This is P = true. Must check Q (Showered). Need to turn this over to see if person showered.  
- 'Showered' — This is Q = true. P → Q is satisfied if P is true, but if P is false, rule is still fine. Since Q is true, there’s no violation regardless of P. So no need to check this card.  
- 'Sunbathing' — Sunbathing implies not entering pool (not P). Q unknown. Since P is false, rule doesn’t apply, so no need to check.  

Thus, only cards that **must** be turned over are:  
1. Entering Pool (to see if Showered)  
2. Dry? Wait, ""Dry"" — if Dry implies not in Pool (P false), then no need. But could Dry mean they didn’t shower (Q false)? ""Dry"" could mean they didn’t shower before something. If Q is false (not showered), then we must check that P is false (not entering pool). So ""Dry"" possibly indicates Q false? Not necessarily — Dry could just mean they are dry now, not that they didn’t shower earlier. But in logic card tasks, we treat each card as a simple statement.  
Given standard Wason selection task interpretation:  
- ""Dry"" is irrelevant to P or Q explicitly. It’s not ""Not showered"", it’s ""Dry"" (could be after swimming but dried off, so shower unknown). So P unknown, Q unknown. No need to check.  

Actually, careful: P = entering Pool. Q = Showered.  
Check for potential violation:  
Only check if P is true (Entering Pool card) or if Q is false (which might be ""Dry""? Not necessarily; ""Dry"" doesn’t mean ""not showered"").  

In typical experiments, ""Dry"" means ""not showered"" (Q false) in this context? The card says ""Dry"" — if it means person is dry now, they may not have showered. Let’s assume the scenario:  
The rule is about showering before entering pool.  
So if someone is ""Dry"" now, they might have entered pool without showering.  
But ""Dry"" doesn’t explicitly tell if they entered pool (P). So if Q is false (they didn’ shower), then we must check P (enter pool) to see if rule violated. So Dry is possibly Q false.  

Thus must check Dry to see if they entered Pool (P true).  

Given usual logic puzzle interpretation:  
Cards:  
1. Dry (Q possibly false) — need to check if P true.  
2. Entering Pool (P true) — need to check if Q true.  
3. Showered (Q true) — no need.  
4. Sunbathing (P false) — no need.  

Thus necessary to turn over: Entering Pool and Dry.  

ANSWER: Entering Pool, Dry","['Entering Pool', 'Dry']","['P', 'not_Q']",CORRECT,84,831,0
31,T32,4,310046,"If you enter the Pool, you must Shower first.","Rule: ""If you enter the Pool, you must Shower first.""
Cards: ['Dry', 'Sunbathing', 'Showered', 'Entering Pool']

Which cards must you turn over?
Your answer:","['Dry', 'Sunbathing', 'Showered', 'Entering Pool']","Let’s break this down.  

The rule is:  
**If you enter the Pool, you must Shower first.**  
In logical form:  
If **Enter Pool** → **Must have Showered first**.  

This is a conditional statement:  
P = ""Enter Pool""  
Q = ""Showered""  
Rule: P → Q  

To check violations, we need to test:  
1. **Cards where P is true** (Enter Pool) → Must check Q is true (Showered).  
   If Q is false, rule is broken.  
2. **Cards where Q is false** (Not Showered) → Must check P is false (Not Enter Pool).  
   If P is true, rule is broken.  

---

**Cards given:**  
- **Dry** → This is about being dry, not directly P or Q.  
   Dry doesn’t tell us if they entered pool or showered. Could be irrelevant.  
   But if ""Dry"" means ""Not Showered""? Possibly, but not necessarily.  
   Actually, ""Dry"" could mean they haven’t showered recently (so Q false).  
   If Q is false, we must check P is false (not entering pool).  
   So we need to turn ""Dry"" to see if they are entering pool.  

- **Sunbathing** → Not directly P or Q.  
   Sunbathing means not in pool now, but could they have entered pool earlier?  
   The rule is about entering pool → shower first.  
   If sunbathing, are they entering pool? No, so P is false.  
   When P is false, rule is automatically satisfied (no need to check Q).  
   So no need to turn Sunbathing.  

- **Showered** → Q is true.  
   If Q is true, rule is satisfied regardless of P.  
   So no need to turn Showered.  

- **Entering Pool** → P is true.  
   If P is true, must check Q is true.  
   So must turn ""Entering Pool"" to see if they showered.  

---

**Which to turn over:**  
1. **Entering Pool** (P true → check Q)  
2. **Dry** (If Dry means not showered → Q false → check P false)  

Sunbathing and Showered don’t risk breaking the rule.  

---

ANSWER: Entering Pool, Dry","['Entering Pool', 'Dry']","['P', 'not_Q']",CORRECT,84,512,0
32,T33,0,320042,"If a person is Drinking alcohol, they must be of Legal age.","Rule: ""If a person is Drinking alcohol, they must be of Legal age.""
Cards: ['Legal age', 'Drinking soda', 'Drinking alcohol', 'Underage']

Which cards must you turn over?
Your answer:","['Legal age', 'Drinking soda', 'Drinking alcohol', 'Underage']","Let’s break this down.  

The rule is:  
**If a person is Drinking alcohol, they must be of Legal age.**  
This is logically:  
Drinking alcohol → Legal age.  

In logical terms:  
- **P** = Drinking alcohol  
- **Q** = Legal age  
Rule: P → Q  

To check violations, we need to find cases where **P is true and Q is false**.  
That means:  
1. Check cards where **P is true** (Drinking alcohol) → must verify Q is true (Legal age).  
   So turn over ""Drinking alcohol"" card.  
2. Check cards where **Q is false** (not Legal age, i.e., Underage) → must verify P is false (not Drinking alcohol).  
   So turn over ""Underage"" card.  

Other cards:  
- ""Legal age"" → Q is true; rule P → Q says nothing about when Q is true (could be drinking alcohol or not, no violation).  
- ""Drinking soda"" → not P; rule P → Q says nothing about when P is false.  

So only two cards must be turned over to check for violations:  
**Drinking alcohol** and **Underage**.  

ANSWER: Drinking alcohol, Underage","['Drinking alcohol', 'Underage']","['P', 'not_Q']",CORRECT,87,267,0
32,T33,1,320043,"If a person is Drinking alcohol, they must be of Legal age.","Rule: ""If a person is Drinking alcohol, they must be of Legal age.""
Cards: ['Underage', 'Legal age', 'Drinking soda', 'Drinking alcohol']

Which cards must you turn over?
Your answer:","['Underage', 'Legal age', 'Drinking soda', 'Drinking alcohol']","Let’s break this down.  

The rule is:  
**If a person is Drinking alcohol, they must be of Legal age.**  
Logical form: If **Drinking alcohol**, then **Legal age**.  

We have four cards:  
1. Underage  
2. Legal age  
3. Drinking soda  
4. Drinking alcohol  

We need to check only the cards that could violate the rule.  
In a standard Wason selection task, we check:  

- **P** (Drinking alcohol) → must check **Q** (Legal age) is true.  
- **Not Q** (Underage) → must check **Not P** (Not drinking alcohol) is true.  

So:  

1. **Card ""Drinking alcohol""** → must check other side to see if it’s ""Legal age"". If it’s ""Underage"", rule is broken. ✅ Must turn.  
2. **Card ""Underage""** → must check other side to see if they are ""Drinking alcohol"". If they are, rule is broken. ✅ Must turn.  
3. **Card ""Legal age""** → no need to turn, because rule doesn’t say ""if Legal age, then Drinking alcohol"". Could be drinking soda or not drinking at all — no violation. ❌ Not necessary.  
4. **Card ""Drinking soda""** → no need to turn, because rule only cares about drinking alcohol, not soda. ❌ Not necessary.  

So must turn: **Drinking alcohol** and **Underage**.  

ANSWER: Drinking alcohol, Underage","['Drinking alcohol', 'Underage']","['P', 'not_Q']",CORRECT,87,331,0
32,T33,2,320044,"If a person is Drinking alcohol, they must be of Legal age.","Rule: ""If a person is Drinking alcohol, they must be of Legal age.""
Cards: ['Legal age', 'Underage', 'Drinking soda', 'Drinking alcohol']

Which cards must you turn over?
Your answer:","['Legal age', 'Underage', 'Drinking soda', 'Drinking alcohol']","Let’s break down the problem step-by-step.  

**Step 1 – Understand the rule.**  
The rule is:  
> If a person is Drinking alcohol, they must be of Legal age.  

In logical terms, this is a conditional statement:  
Drinking alcohol → Legal age  
Or: P → Q, where:  
P = Drinking alcohol  
Q = Legal age  

**Step 2 – Recall the logical test for violations.**  
In a standard ""Wason selection task"" for a conditional rule P → Q, you need to check two possibilities for violations:  
1. Cases where **P is true but Q is false** (so Drinking alcohol but not Legal age).  
2. Cases where **not-P** are irrelevant because the rule says nothing about them.  
3. Cases where **Q is false** but P is irrelevant unless P is true, so you must check P when Q is false? Actually, no – the key is:  

To test the rule fully, you must check:  
- **Cards that could show P true and Q false** → i.e., check cards where P is true (to see if Q is false) and cards where Q is false (to see if P is true).  

So necessary checks:  
- **P true card** (Drinking alcohol) → turn it to check if Q (Legal age) is true.  
- **Q false card** (not Legal age, i.e., Underage) → turn it to check if P (Drinking alcohol) is true.  

Other cards are irrelevant:  
- **not-P** (Drinking soda) → doesn’t matter; rule doesn’t forbid soda drinking at any age.  
- **Q true** (Legal age) → doesn’t matter; rule doesn’t say Legal age people must drink alcohol.  

**Step 3 – Apply to the given cards.**  

Given cards:  
1. **Legal age** → This is Q true. No need to check because if someone is Legal age, they could be drinking alcohol or not, either is fine for the rule. So don’t turn.  
2. **Underage** → This is Q false (not Legal age). We must check if P (Drinking alcohol) is true. Must turn.  
3. **Drinking soda** → This is not-P (since P is Drinking alcohol). Irrelevant → don’t turn.  
4. **Drinking alcohol** → This is P true. Must check if Q (Legal age) is true → turn it.  

**Step 4 – List cards that must be turned over.**  
Cards to turn: Drinking alcohol and Underage.  

ANSWER: Drinking alcohol, Underage","['Drinking alcohol', 'Underage']","['P', 'not_Q']",CORRECT,87,563,0
32,T33,3,320045,"If a person is Drinking alcohol, they must be of Legal age.","Rule: ""If a person is Drinking alcohol, they must be of Legal age.""
Cards: ['Drinking alcohol', 'Drinking soda', 'Legal age', 'Underage']

Which cards must you turn over?
Your answer:","['Drinking alcohol', 'Drinking soda', 'Legal age', 'Underage']","Let’s break this down.  

The rule is:  
**If a person is Drinking alcohol, they must be of Legal age.**  
This is a conditional statement:  
If **P** (Drinking alcohol) → then **Q** (Legal age).  

We have four cards:  
1. Drinking alcohol → **P** is true on this card.  
2. Drinking soda → This is not P (not drinking alcohol).  
3. Legal age → **Q** is true on this card.  
4. Underage → **Q** is false on this card.  

To check if the rule is violated, we need to find cases where **P is true but Q is false**.  
So we must check:  
- Any card where **P is true** (to see if Q is false on the other side) → Card 1: Drinking alcohol.  
- Any card where **Q is false** (to see if P is true on the other side) → Card 4: Underage.  

We do **not** need to check:  
- Card 2 (Drinking soda): because P is false, rule says nothing about this case.  
- Card 3 (Legal age): because Q is true, even if P is true or false, the rule is not violated.  

So the cards to turn over are: **Drinking alcohol** and **Underage**.  

ANSWER: Drinking alcohol, Underage","['Drinking alcohol', 'Underage']","['P', 'not_Q']",CORRECT,87,298,0
32,T33,4,320046,"If a person is Drinking alcohol, they must be of Legal age.","Rule: ""If a person is Drinking alcohol, they must be of Legal age.""
Cards: ['Underage', 'Drinking alcohol', 'Drinking soda', 'Legal age']

Which cards must you turn over?
Your answer:","['Underage', 'Drinking alcohol', 'Drinking soda', 'Legal age']","Let’s break this down.  

The rule is:  
**If a person is Drinking alcohol, they must be of Legal age.**  
In logical form:  
Drinking alcohol → Legal age  

Contrapositive:  
Not Legal age → Not Drinking alcohol  

We have four cards:  

1. **Underage** → This means “not Legal age.”  
   From the contrapositive, if someone is not Legal age, they must not be Drinking alcohol.  
   So we must check this card to see if the other side says “Drinking alcohol” (which would break the rule).  

2. **Drinking alcohol** → This is the antecedent of the rule.  
   If someone is Drinking alcohol, we must check that they are of Legal age.  
   So we must turn this card to see if the other side says “Legal age” or not.  

3. **Drinking soda** → This is not “Drinking alcohol,” so the rule doesn’t apply.  
   The rule says nothing about soda drinkers.  
   No need to check.  

4. **Legal age** → This is the consequent of the rule.  
   If someone is Legal age, the rule doesn’t require them to be Drinking alcohol or not; the rule only forbids Drinking alcohol if not Legal age.  
   So no need to check this card.  

Thus, the cards we must turn over are: **Underage** and **Drinking alcohol**.  

ANSWER: Underage, Drinking alcohol","['Underage', 'Drinking alcohol']","['P', 'not_Q']",CORRECT,87,312,0
33,T34,0,330042,"If a person watches an Age-restricted film, they must show ID.","Rule: ""If a person watches an Age-restricted film, they must show ID.""
Cards: ['General film', 'Age-restricted film', 'Shows ID', 'No ID']

Which cards must you turn over?
Your answer:","['General film', 'Age-restricted film', 'Shows ID', 'No ID']","Let’s break this down.  

The rule is:  
**If a person watches an Age-restricted film, they must show ID.**  

In logical terms:  
Let \( A \) = ""watches an Age-restricted film""  
Let \( B \) = ""shows ID""  

Rule: \( A \rightarrow B \) (If A, then B)  

The contrapositive is: \( \neg B \rightarrow \neg A \) (If not B, then not A).  

We have four cards:  

1. **General film** → This means \( \neg A \) (not Age-restricted film).  
   For \( A \rightarrow B \), checking \( \neg A \) tells us nothing about \( B \) (no violation possible from this side). So we don’t need to turn it.  

2. **Age-restricted film** → This means \( A \).  
   We must check if \( B \) is true (shows ID). If not, rule is violated. So we must turn this card.  

3. **Shows ID** → This means \( B \).  
   For \( A \rightarrow B \), if \( B \) is true, \( A \) could be true or false — no violation guaranteed. So we don’t need to turn it.  

4. **No ID** → This means \( \neg B \).  
   We must check if \( A \) is false (not watching Age-restricted film). If they are watching Age-restricted film, rule is violated. So we must turn this card.  

Thus, the cards to turn over are: **Age-restricted film** and **No ID**.  

ANSWER: Age-restricted film, No ID","['Age-restricted film', 'No ID']","['P', 'not_Q']",CORRECT,89,358,0
33,T34,1,330043,"If a person watches an Age-restricted film, they must show ID.","Rule: ""If a person watches an Age-restricted film, they must show ID.""
Cards: ['Age-restricted film', 'General film', 'Shows ID', 'No ID']

Which cards must you turn over?
Your answer:","['Age-restricted film', 'General film', 'Shows ID', 'No ID']","Let’s break this down.  

The rule is:  
**If a person watches an Age-restricted film, they must show ID.**  

This is a conditional statement:  
If **P** (watches Age-restricted film) → then **Q** (shows ID).  

Logically, to check violations, we need to test:  
1. **P true and Q false** → that would break the rule.  
2. We don’t need to check cases where P is false (not watching Age-restricted film) — the rule says nothing about those.  

---

**Cards given:**  
- **Age-restricted film** → This is **P true**. We must check if Q is false (No ID) for this case. So turn it over.  
- **General film** → This is **P false**. No requirement about showing ID or not, so no need to check.  
- **Shows ID** → This is **Q true**. If Q is true, rule could still be satisfied even if P is true or false. But we are looking for violations where P is true and Q is false. If we turn this card, we might see P false (General film) or P true (Age-restricted film) — neither violates the rule. So no need to turn.  
- **No ID** → This is **Q false**. If Q is false, we must check if P is true (Age-restricted film) — if yes, violation. So turn it over.  

---

**Cards to turn over:**  
1. Age-restricted film (to check if on back: No ID → violation)  
2. No ID (to check if on back: Age-restricted film → violation)  

---

ANSWER: Age-restricted film, No ID","['Age-restricted film', 'No ID']","['P', 'not_Q']",CORRECT,89,371,0
33,T34,2,330044,"If a person watches an Age-restricted film, they must show ID.","Rule: ""If a person watches an Age-restricted film, they must show ID.""
Cards: ['No ID', 'General film', 'Shows ID', 'Age-restricted film']

Which cards must you turn over?
Your answer:","['No ID', 'General film', 'Shows ID', 'Age-restricted film']","Let’s break this down.  

The rule is:  
**If a person watches an Age-restricted film, they must show ID.**  

In logical form:  
Let \( W \) = ""watches an Age-restricted film""  
Let \( S \) = ""shows ID""  

Rule: \( W \rightarrow S \) (If W, then S)  

To check violations of \( W \rightarrow S \), we look for:  
1. **W true and S false** (watches Age-restricted film but does not show ID) — this breaks the rule.  
2. Other combinations (not W, or S true) do not break the rule.  

---

**Cards given:**  
- **No ID** → This means \( S \) is false. To check a violation, we need to see if \( W \) is true. If this card’s other side says ""Age-restricted film"", that’s a violation. So we must turn this card.  
- **General film** → This means \( W \) is false (not Age-restricted). \( W \) false means the rule’s if-part is not triggered, so no violation regardless of other side. So no need to turn.  
- **Shows ID** → This means \( S \) is true. \( S \) true means the rule’s then-part is satisfied, so no violation regardless of \( W \). So no need to turn.  
- **Age-restricted film** → This means \( W \) is true. To check violation, we need to see if \( S \) is false. If other side says ""No ID"", that’s a violation. So we must turn this card.  

---

**Must turn:**  
1. No ID  
2. Age-restricted film  

ANSWER: No ID, Age-restricted film","['No ID', 'Age-restricted film']","['P', 'not_Q']",CORRECT,89,380,0
33,T34,3,330045,"If a person watches an Age-restricted film, they must show ID.","Rule: ""If a person watches an Age-restricted film, they must show ID.""
Cards: ['Age-restricted film', 'Shows ID', 'General film', 'No ID']

Which cards must you turn over?
Your answer:","['Age-restricted film', 'Shows ID', 'General film', 'No ID']","Let’s break this down.  

The rule is:  
**If a person watches an Age-restricted film, they must show ID.**  

This is a conditional statement:  
If **P** (watches Age-restricted film) → then **Q** (shows ID).  

Logically, to check if the rule is being violated, we need to find cases where **P is true but Q is false**.  
That means we must check:  

1. **Cards where P is true** (Age-restricted film) → must verify Q is true (Shows ID).  
2. **Cards where Q is false** (No ID) → must verify P is false (not Age-restricted film).  

---

**Cards given:**  
- **Age-restricted film** → P is true → must check other side for ""Shows ID"" or not.  
- **Shows ID** → Q is true → no need to check (because P could be true or false, rule not violated if Q true).  
- **General film** → P is false → no need to check (rule only applies if P true).  
- **No ID** → Q is false → must check other side for ""Age-restricted film"" (if yes, rule violated).  

---

**Must turn over:**  
1. **Age-restricted film** (to ensure other side says ""Shows ID"")  
2. **No ID** (to ensure other side does **not** say ""Age-restricted film"")  

---

ANSWER: Age-restricted film, No ID","['Age-restricted film', 'No ID']","['P', 'not_Q']",CORRECT,89,325,0
33,T34,4,330046,"If a person watches an Age-restricted film, they must show ID.","Rule: ""If a person watches an Age-restricted film, they must show ID.""
Cards: ['Shows ID', 'No ID', 'General film', 'Age-restricted film']

Which cards must you turn over?
Your answer:","['Shows ID', 'No ID', 'General film', 'Age-restricted film']","Let’s break this down.  

The rule is:  
**If a person watches an Age-restricted film, they must show ID.**  

This is a conditional statement of the form:  
If **P** (watches Age-restricted film), then **Q** (must show ID).  

In logical terms:  
P → Q  

---

**Cards given:**  
1. **Shows ID** → This is **Q** (they are showing ID).  
   - Does not test the rule: rule says nothing about what happens if they show ID (could be watching General film or Age-restricted film). No need to check.  

2. **No ID** → This is **¬Q** (not showing ID).  
   - Must check: If they are not showing ID, they must **not** be watching an Age-restricted film. So we must verify what film they are watching.  

3. **General film** → This is **¬P** (not watching Age-restricted film).  
   - Does not test the rule: rule only applies if P is true. If P is false, rule says nothing about ID. No need to check.  

4. **Age-restricted film** → This is **P** (watching Age-restricted film).  
   - Must check: If P is true, Q must be true. So we must verify if they are showing ID.  

---

**Cards to turn over:**  
- **No ID** (to check they are not watching Age-restricted film)  
- **Age-restricted film** (to check they are showing ID)  

---

ANSWER: No ID, Age-restricted film","['No ID', 'Age-restricted film']","['P', 'not_Q']",CORRECT,89,345,0
34,T35,0,340042,"If you send a Letter, you must attach a Stamp.","Rule: ""If you send a Letter, you must attach a Stamp.""
Cards: ['Sending email', 'Has stamp', 'Sending letter', 'No stamp']

Which cards must you turn over?
Your answer:","['Sending email', 'Has stamp', 'Sending letter', 'No stamp']","Let’s break this down.  

The rule is:  
**If you send a Letter, you must attach a Stamp.**  
In logical form:  
If **L** (sending a letter), then **S** (has stamp).  

The contrapositive is:  
If **not S** (no stamp), then **not L** (not sending a letter).  

We check each card to see if it could violate the rule:  

1. **Sending email** → This is **not L** (not sending a letter).  
   The rule says nothing about email, so this card cannot violate it. No need to check.  

2. **Has stamp** → This is **S** (has stamp).  
   The rule says: If L then S. If we see S, the rule could still be true even if L is false. So this card doesn’t test the rule.  

3. **Sending letter** → This is **L**.  
   We must check the other side for **S** (has stamp). If the other side has “no stamp,” the rule is violated. So we must turn this card.  

4. **No stamp** → This is **not S**.  
   From the contrapositive, if not S, then not L. We must check the other side for **L** (sending letter). If the other side says “sending letter,” the rule is violated. So we must turn this card.  

Thus, the only cards we must turn over are: **Sending letter** and **No stamp**.  

ANSWER: Sending letter, No stamp","['Sending letter', 'No stamp']","['P', 'not_Q']",CORRECT,85,337,0
34,T35,1,340043,"If you send a Letter, you must attach a Stamp.","Rule: ""If you send a Letter, you must attach a Stamp.""
Cards: ['No stamp', 'Sending email', 'Sending letter', 'Has stamp']

Which cards must you turn over?
Your answer:","['No stamp', 'Sending email', 'Sending letter', 'Has stamp']","Let’s break this down.  

The rule is:  
**If you send a Letter, you must attach a Stamp.**  
In logical form:  
If **L** (sending a letter), then **S** (has stamp).  

We have four cards:  

1. **No stamp** → ¬S (not S)  
2. **Sending email** → ¬L (not L)  
3. **Sending letter** → L  
4. **Has stamp** → S  

We need to check only the cards that could violate the rule.  
The rule **L → S** is violated only if **L is true and S is false**.  

So we must check:  
- Any card where **L is true** (to see if S is false on the other side) → Card 3 (Sending letter)  
- Any card where **S is false** (to see if L is true on the other side) → Card 1 (No stamp)  

Cards where L is false (Card 2: Sending email) don’t test the rule — rule says nothing about email.  
Cards where S is true (Card 4: Has stamp) also don’t test the rule — having a stamp is fine even if not sending a letter.  

So only Card 1 and Card 3 must be turned over.  

ANSWER: No stamp, Sending letter","['No stamp', 'Sending letter']","['P', 'not_Q']",CORRECT,85,293,0
34,T35,2,340044,"If you send a Letter, you must attach a Stamp.","Rule: ""If you send a Letter, you must attach a Stamp.""
Cards: ['Sending email', 'No stamp', 'Sending letter', 'Has stamp']

Which cards must you turn over?
Your answer:","['Sending email', 'No stamp', 'Sending letter', 'Has stamp']","Let’s break this down.  

**Step 1 – Understanding the rule**  
Rule: *If you send a Letter, you must attach a Stamp.*  
Logical form: If **P** (send a letter), then **Q** (attach a stamp).  
This is a conditional statement: **P → Q**.  

**Step 2 – Identifying what each card represents**  
Cards:  
1. ""Sending email"" → Not sending a letter → **¬P**  
2. ""No stamp"" → Not attaching a stamp → **¬Q**  
3. ""Sending letter"" → Sending a letter → **P**  
4. ""Has stamp"" → Attaching a stamp → **Q**  

**Step 3 – Which cards must be checked to test the rule?**  
For **P → Q**, the only way the rule can be violated is if **P is true and Q is false**.  
So we must check:  
- Any card where **P is true** (sending a letter) → to see if Q is false on the other side.  
- Any card where **Q is false** (no stamp) → to see if P is true on the other side.  

Cards where **P is false** (¬P) don’t violate the rule regardless of Q.  
Cards where **Q is true** (Q) don’t violate the rule regardless of P.  

**Step 4 – Apply to given cards**  
- ""Sending email"" → ¬P → no need to check (rule not violated even if no stamp on other side? Wait, but we don’t check ¬P cards in the selection task unless we’re confused.)  
  Actually, in the Wason selection task, we only turn cards that could possibly show a violation. ¬P cards cannot show violation, so don’t turn.  
- ""No stamp"" → ¬Q → must check because if other side is P (sending letter), then P & ¬Q violates rule.  
- ""Sending letter"" → P → must check because if other side is ¬Q (no stamp), then violation.  
- ""Has stamp"" → Q → no need to check because even if other side is P, that’s fine (P & Q obeys rule).  

**Step 5 – Conclusion**  
Must turn over: ""Sending letter"" (P) and ""No stamp"" (¬Q).  

ANSWER: Sending letter, No stamp","['Sending letter', 'No stamp']","['P', 'not_Q']",CORRECT,85,520,0
34,T35,3,340045,"If you send a Letter, you must attach a Stamp.","Rule: ""If you send a Letter, you must attach a Stamp.""
Cards: ['Sending letter', 'Sending email', 'Has stamp', 'No stamp']

Which cards must you turn over?
Your answer:","['Sending letter', 'Sending email', 'Has stamp', 'No stamp']","Let’s break this down.  

The rule is:  
**If you send a Letter, you must attach a Stamp.**  
In logical form:  
If **L** (send letter) → **S** (has stamp).  

The contrapositive is:  
If **not S** (no stamp) → **not L** (not sending letter).  

We have four cards:  

1. **Sending letter** → L is true.  
2. **Sending email** → not L (irrelevant to antecedent).  
3. **Has stamp** → S is true.  
4. **No stamp** → not S is true.  

To check the rule, we must test:  
- Cases where **L is true** (must check S is true) → turn card 1.  
- Cases where **S is false** (must check L is false) → turn card 4.  

Cards 2 and 3 don’t violate the rule:  
- Card 2: Sending email (not L) → rule doesn’t require anything about stamp.  
- Card 3: Has stamp (S true) → L could be true or false, no violation.  

So must turn over: **Sending letter** and **No stamp**.  

ANSWER: Sending letter, No stamp","['Sending letter', 'No stamp']","['P', 'not_Q']",CORRECT,85,275,0
34,T35,4,340046,"If you send a Letter, you must attach a Stamp.","Rule: ""If you send a Letter, you must attach a Stamp.""
Cards: ['No stamp', 'Has stamp', 'Sending email', 'Sending letter']

Which cards must you turn over?
Your answer:","['No stamp', 'Has stamp', 'Sending email', 'Sending letter']","Let’s break this down.  

The rule is:  
**If you send a Letter, you must attach a Stamp.**  

In logic terms:  
- Let \( P \) = ""send a Letter""  
- Let \( Q \) = ""attach a Stamp""  
Rule: \( P \rightarrow Q \)  

To check violations, we look for:  
1. \( P \ \& \ \text{not } Q \) → sending a letter but no stamp (violation)  
2. Other cases (not \( P \), or \( Q \)) don’t violate the rule.  

---

**Cards given:**  
1. **No stamp** → This is \( \text{not } Q \).  
   To see if it violates, we must check if \( P \) is true (sending a letter). If this card says ""No stamp"" but we don’t know what’s on the other side, we must turn it over to check if the other side says ""sending letter"". If yes, rule broken. So **must turn**.  

2. **Has stamp** → This is \( Q \).  
   Rule says nothing about when you have a stamp — you could have a stamp and not send a letter, that’s fine. No need to check what’s on the other side. So **no turn**.  

3. **Sending email** → This is \( \text{not } P \).  
   Rule only applies if sending a letter. If sending email, rule doesn’t apply, so no violation regardless of stamp. So **no turn**.  

4. **Sending letter** → This is \( P \).  
   Must check if there is a stamp (\( Q \)) on the other side. If no stamp, rule broken. So **must turn**.  

---

**Must turn over:**  
- No stamp  
- Sending letter  

---

ANSWER: No stamp, Sending letter","['No stamp', 'Sending letter']","['P', 'not_Q']",CORRECT,85,404,0
35,T36,0,350042,"If an employee works Extra hours, they must receive Compensation.","Rule: ""If an employee works Extra hours, they must receive Compensation.""
Cards: ['Compensated', 'Not compensated', 'Extra hours', 'Regular hours']

Which cards must you turn over?
Your answer:","['Compensated', 'Not compensated', 'Extra hours', 'Regular hours']","Let’s break this down.  

The rule is:  
**If an employee works Extra hours, they must receive Compensation.**  

This is a conditional statement of the form:  
If **P** (Extra hours), then **Q** (Compensation).  

In logical terms:  
P → Q  

---

**What needs to be checked to test the rule?**  
We need to check for violations of the rule.  
The only violation of P → Q is when **P is true and Q is false**.  

So we must check:  
1. **Cards where P is true** (Extra hours) → must verify Q is true (Compensation).  
2. **Cards where Q is false** (Not compensated) → must verify P is false (not Extra hours).  

---

**Cards given:**  
- **Compensated** → This is Q true. No violation possible here regardless of P, because rule only says if P then Q, not the reverse. So no need to check.  
- **Not compensated** → This is Q false. Must check if P is true (Extra hours) on the other side. **Must turn over.**  
- **Extra hours** → This is P true. Must check if Q is true (Compensation) on the other side. **Must turn over.**  
- **Regular hours** → This is P false. Rule doesn’t require anything when P is false, so no need to check.  

---

**Must turn over:**  
- Extra hours  
- Not compensated  

---

ANSWER: Extra hours, Not compensated","['Extra hours', 'Not compensated']","['P', 'not_Q']",CORRECT,84,325,0
35,T36,1,350043,"If an employee works Extra hours, they must receive Compensation.","Rule: ""If an employee works Extra hours, they must receive Compensation.""
Cards: ['Extra hours', 'Not compensated', 'Compensated', 'Regular hours']

Which cards must you turn over?
Your answer:","['Extra hours', 'Not compensated', 'Compensated', 'Regular hours']","Let’s break this down.  

The rule is:  
**If an employee works Extra hours, they must receive Compensation.**  

This is a conditional statement of the form:  
If **P** (Extra hours), then **Q** (Compensation).  

In logical terms:  
P → Q  

To check violations of this rule, we need to find cases where **P is true but Q is false** (i.e., Extra hours but Not compensated).  

We have four cards:  

1. **Extra hours** → This is **P true**. We must check the other side to ensure **Q is true** (Compensated). If the other side is ""Not compensated,"" the rule is broken. So we must turn this card.  
2. **Not compensated** → This is **Q false**. We must check the other side to see if it is **P true** (Extra hours). If it is, the rule is broken. So we must turn this card.  
3. **Compensated** → This is **Q true**. The rule P → Q says nothing about what happens if Q is true; P could be true or false without violating the rule. So we do **not** need to turn this card.  
4. **Regular hours** → This is **P false**. The rule P → Q is not violated when P is false, regardless of Q. So we do **not** need to turn this card.  

Thus, the cards we must turn over are: **Extra hours** and **Not compensated**.  

ANSWER: Extra hours, Not compensated","['Extra hours', 'Not compensated']","['P', 'not_Q']",CORRECT,84,327,0
35,T36,2,350044,"If an employee works Extra hours, they must receive Compensation.","Rule: ""If an employee works Extra hours, they must receive Compensation.""
Cards: ['Compensated', 'Regular hours', 'Extra hours', 'Not compensated']

Which cards must you turn over?
Your answer:","['Compensated', 'Regular hours', 'Extra hours', 'Not compensated']","Let’s break this down.  

The rule is:  
> If an employee works Extra hours, they must receive Compensation.  

In logic terms:  
- If **Extra hours** (P), then **Compensation** (Q).  
- Contrapositive: If **not Compensation** (not Q), then **not Extra hours** (not P).  

We have four cards:  

1. **Compensated** → This means Q is true.  
   - Rule: P → Q. If Q is true, P could be true or false; no violation can be deduced from Q being true alone.  
   - So no need to check this card.  

2. **Regular hours** → This means not P (not Extra hours).  
   - Rule: P → Q. If P is false, Q could be true or false; no violation.  
   - So no need to check this card.  

3. **Extra hours** → This means P is true.  
   - Rule says if P is true, Q must be true.  
   - We must check this card to see if Compensation is given. If not, rule is broken.  
   - So **must turn this card**.  

4. **Not compensated** → This means Q is false (not Compensation).  
   - Contrapositive: If not Q, then not P.  
   - We must check this card to see if the employee worked Extra hours. If they did, rule is broken.  
   - So **must turn this card**.  

Thus, the only cards to turn over are **Extra hours** and **Not compensated**.  

ANSWER: Extra hours, Not compensated","['Extra hours', 'Not compensated']","['P', 'not_Q']",CORRECT,84,343,0
35,T36,3,350045,"If an employee works Extra hours, they must receive Compensation.","Rule: ""If an employee works Extra hours, they must receive Compensation.""
Cards: ['Regular hours', 'Not compensated', 'Compensated', 'Extra hours']

Which cards must you turn over?
Your answer:","['Regular hours', 'Not compensated', 'Compensated', 'Extra hours']","Let’s go step by step.

1. The rule is:  
""If an employee works **Extra hours**, they must receive **Compensation**.""  
Logically:  
Extra hours → Compensation.

2. In logical terms, this is a conditional statement:  
If P (Extra hours) then Q (Compensation).  
To test whether the rule is violated, we need to check cases where:  
- P is true but Q is false (Extra hours but not Compensated).  
- Cases where P is false or Q is true do **not** break the rule.

3. We have four cards:  
- 'Regular hours' → P is false (not Extra hours).  
- 'Not compensated' → Q is false (not Compensated).  
- 'Compensated' → Q is true.  
- 'Extra hours' → P is true.

4. We must turn over only cards that could possibly show a violation.  

5. Which cards could show violation?  
   - **'Extra hours'** (P true): We must check if Q is false on the other side. So turn over this.  
   - **'Not compensated'** (Q false): We must check if P is true on the other side. So turn over this.  

6. Why not the others?  
   - 'Regular hours' (P false): Even if the other side says “Not compensated”, that’s fine because P false means rule doesn’t apply. No violation possible.  
   - 'Compensated' (Q true): Even if the other side says “Extra hours”, that’s fine because Q true satisfies the rule. No violation possible.  

7. So necessary cards: **Extra hours** and **Not compensated**.

ANSWER: Extra hours, Not compensated","['Extra hours', 'Not compensated']","['P', 'not_Q']",CORRECT,84,371,0
35,T36,4,350046,"If an employee works Extra hours, they must receive Compensation.","Rule: ""If an employee works Extra hours, they must receive Compensation.""
Cards: ['Extra hours', 'Regular hours', 'Not compensated', 'Compensated']

Which cards must you turn over?
Your answer:","['Extra hours', 'Regular hours', 'Not compensated', 'Compensated']","Let’s break this down.  

The rule is:  
**If an employee works Extra hours, they must receive Compensation.**  

This is a conditional statement of the form:  
If **P** (Extra hours), then **Q** (Compensated).  

In logical terms: **P → Q**  

---

**Step 1 – Identify what each card represents in terms of P and not-P, Q and not-Q:**  

- **Extra hours** → P (antecedent true)  
- **Regular hours** → not-P (antecedent false)  
- **Not compensated** → not-Q (consequent false)  
- **Compensated** → Q (consequent true)  

---

**Step 2 – Determine which cards to check to test the rule’s truth:**  

To test **P → Q**, we look for possible violations.  
A violation occurs when **P is true and Q is false**.  

So we must check:  

1. **Cards where P is true** (Extra hours) → to see if Q is false on the other side.  
2. **Cards where Q is false** (Not compensated) → to see if P is true on the other side.  

---

**Step 3 – Eliminate unnecessary checks:**  

- **Regular hours** (not-P): If not-P, the rule says nothing about Q, so no violation possible regardless of what’s on the other side.  
- **Compensated** (Q): If Q is true, the rule is satisfied regardless of P (because P could be true or false, both okay).  

---

**Step 4 – Conclusion:**  

Must turn over:  
1. **Extra hours** (P) – to ensure other side is “Compensated” (Q), not “Not compensated”.  
2. **Not compensated** (not-Q) – to ensure other side is not “Extra hours” (P).  

---

ANSWER: Extra hours, Not compensated","['Extra hours', 'Not compensated']","['P', 'not_Q']",CORRECT,84,409,0
36,T37,0,360042,"If a restaurant adds a Service charge, customers must be Informed.","Rule: ""If a restaurant adds a Service charge, customers must be Informed.""
Cards: ['Not informed', 'Service charge', 'No charge', 'Informed']

Which cards must you turn over?
Your answer:","['Not informed', 'Service charge', 'No charge', 'Informed']","Let’s go step by step.

**Rule:** ""If a restaurant adds a Service charge, customers must be Informed.""  
This is a conditional statement of the form: **If P (service charge), then Q (informed).**  
In logical terms: \( P \rightarrow Q \)  
Where:  
- \( P \) = “Service charge” (restaurant adds a service charge)  
- \( Q \) = “Informed” (customers must be informed)  

**Cards presented:**  
1. 'Not informed' — This is the negation of Q (~Q).  
2. 'Service charge' — This is P.  
3. 'No charge' — This is the negation of P (~P).  
4. 'Informed' — This is Q.  

**Which to turn over:**  
We need to check possible violations of \( P \rightarrow Q \).  
Violations occur only if \( P \) is true and \( Q \) is false (i.e., \( P \wedge \neg Q \)).

Therefore, we must check:  
- **Cards where P could be true** — to see if Q is false: Turn over ‘Service charge’ (P) to check the back side.  
- **Cards where Q is false** — to see if P is true: Turn over ‘Not informed’ (~Q) to check the back side.  

Cards where ~P (‘No charge’) or Q (‘Informed’) are irrelevant to violations:  
- ~P: If there’s no service charge, the rule doesn’t apply, no violation regardless of Q.  
- Q: If customers are informed, no violation regardless of P.  

Thus, we must turn over **‘Service charge’** and **‘Not informed’**.

**Final Answer:**
ANSWER: Service charge, Not informed","['Service charge', 'Not informed']","['P', 'not_Q']",CORRECT,84,377,0
36,T37,1,360043,"If a restaurant adds a Service charge, customers must be Informed.","Rule: ""If a restaurant adds a Service charge, customers must be Informed.""
Cards: ['Not informed', 'No charge', 'Informed', 'Service charge']

Which cards must you turn over?
Your answer:","['Not informed', 'No charge', 'Informed', 'Service charge']","Let’s break this down.  

The rule is:  
**If a restaurant adds a Service charge, customers must be Informed.**  

This is a conditional statement of the form:  
If **P** (Service charge added), then **Q** (customers must be Informed).  

In logical terms:  
P → Q  

To check violations of this rule, we need to find cases where **P is true but Q is false**.  
That means we must check:  
1. **P true** (Service charge) → must verify Q is true (Informed).  
2. **Q false** (Not informed) → must verify P is false (No Service charge).  

---

**Cards given:**  
- **Not informed** → Q false → must check P (Service charge? If yes, violation).  
- **No charge** → P false → no need to check Q (rule only applies if P true).  
- **Informed** → Q true → no need to check P (even if P true, rule satisfied).  
- **Service charge** → P true → must check Q (Informed? If not, violation).  

---

**Cards to turn over to test the rule:**  
1. **Service charge** (P true) → check if Informed on other side.  
2. **Not informed** (Q false) → check if Service charge on other side.  

The others (**No charge** and **Informed**) cannot violate the rule, so no need to check.  

---

ANSWER: Service charge, Not informed","['Service charge', 'Not informed']","['P', 'not_Q']",CORRECT,84,320,0
36,T37,2,360044,"If a restaurant adds a Service charge, customers must be Informed.","Rule: ""If a restaurant adds a Service charge, customers must be Informed.""
Cards: ['Informed', 'Not informed', 'No charge', 'Service charge']

Which cards must you turn over?
Your answer:","['Informed', 'Not informed', 'No charge', 'Service charge']","Let’s break this down.  

The rule is:  
**If a restaurant adds a Service charge, customers must be Informed.**  

In logical form:  
If **Service charge** (P), then **Informed** (Q).  
P → Q  

We are checking for violations of this rule.  
A violation occurs when **P is true and Q is false** (i.e., Service charge but Not informed).  

We have four cards:  

1. **Informed** (Q is true)  
2. **Not informed** (Q is false)  
3. **No charge** (P is false)  
4. **Service charge** (P is true)  

---

**Step 1 – Which cards could show a violation if we look at the other side?**  

We need to check **P** cards to see if Q is false on the other side, and **not-Q** cards to see if P is true on the other side.  

- **Service charge (P)**: Must check other side to see if it says “Not informed” (Q false). If yes, rule broken. → **Must turn**.  
- **Not informed (not-Q)**: Must check other side to see if it says “Service charge” (P true). If yes, rule broken. → **Must turn**.  

---

**Step 2 – Which cards are irrelevant for finding violations?**  

- **Informed (Q true)**: Other side could be P true or P false; both are fine with the rule (P true → Q true is okay). No violation possible here. → **No need to turn**.  
- **No charge (not-P)**: Other side could be Q true or Q false; rule only applies when P is true, so no violation possible. → **No need to turn**.  

---

**Step 3 – Conclusion**  

Must turn: **Service charge** and **Not informed**.  

---

ANSWER: Service charge, Not informed","['Service charge', 'Not informed']","['P', 'not_Q']",CORRECT,84,409,0
36,T37,3,360045,"If a restaurant adds a Service charge, customers must be Informed.","Rule: ""If a restaurant adds a Service charge, customers must be Informed.""
Cards: ['Service charge', 'Not informed', 'Informed', 'No charge']

Which cards must you turn over?
Your answer:","['Service charge', 'Not informed', 'Informed', 'No charge']","Let’s break this down.  

The rule is:  
**If a restaurant adds a Service charge, customers must be Informed.**  

In logical terms:  
If **Service charge** (P), then **Informed** (Q).  
P → Q  

We’re checking for violations of this rule.  
A violation occurs when P is true and Q is false.  
That means: **Service charge** and **Not informed** together break the rule.  

We have four cards:  

1. **Service charge** → This is P. We must check the other side to ensure Q (Informed) is true. If the other side is “Not informed,” that’s a violation. So we must turn this card.  
2. **Not informed** → This is ¬Q. We must check the other side to see if it’s P (Service charge). If it is, that’s a violation. So we must turn this card.  
3. **Informed** → This is Q. If Q is true, the rule P → Q is satisfied regardless of P, so no need to check.  
4. **No charge** → This is ¬P. If P is false, the rule P → Q is automatically satisfied regardless of Q, so no need to check.  

So the only cards we must turn over are **Service charge** and **Not informed**.  

ANSWER: Service charge, Not informed","['Service charge', 'Not informed']","['P', 'not_Q']",CORRECT,84,295,0
36,T37,4,360046,"If a restaurant adds a Service charge, customers must be Informed.","Rule: ""If a restaurant adds a Service charge, customers must be Informed.""
Cards: ['Not informed', 'Service charge', 'Informed', 'No charge']

Which cards must you turn over?
Your answer:","['Not informed', 'Service charge', 'Informed', 'No charge']","Let’s break this down.  

The rule is:  
**If a restaurant adds a Service charge, customers must be Informed.**  

In logical terms:  
Let \( S \) = ""adds a Service charge""  
Let \( I \) = ""customers are Informed""  

Rule: \( S \rightarrow I \) (If S, then I)  

To check violations of this conditional statement, we need to find cases where \( S \) is true but \( I \) is false.  
That means we must test:  
1. **Cards where S is true** → check if I is false on the other side.  
2. **Cards where I is false** → check if S is true on the other side.  

---

**Cards given:**  
- 'Not informed' → \( \neg I \) (I is false)  
- 'Service charge' → \( S \) (S is true)  
- 'Informed' → \( I \) (I is true)  
- 'No charge' → \( \neg S \) (S is false)  

---

**Step 1 – Which cards to turn to test the rule?**  

For \( S \rightarrow I \), the only violation is \( S \land \neg I \).  

We check:  
- **'Service charge' (S true)** → Must turn to see if other side is ""Not informed"" (if it is, rule broken).  
- **'Not informed' (I false)** → Must turn to see if other side is ""Service charge"" (if it is, rule broken).  

Other cards:  
- 'Informed' (I true) → Even if other side is S or not S, rule not broken (because if S is true, I is true, so okay; if S false, rule not applicable). So no need to check.  
- 'No charge' (S false) → Rule says nothing about this case (if S false, I can be true or false, rule not broken). So no need to check.  

---

**Step 2 – Conclusion**  
Must turn over: **'Service charge'** and **'Not informed'**.  

---

ANSWER: Service charge, Not informed","['Service charge', 'Not informed']","['P', 'not_Q']",CORRECT,84,458,0
37,T38,0,370042,"If a worker enters a Hazardous zone, they must wear Protective gear.","Rule: ""If a worker enters a Hazardous zone, they must wear Protective gear.""
Cards: ['Office', 'Protective gear', 'Hazardous zone', 'No gear']

Which cards must you turn over?
Your answer:","['Office', 'Protective gear', 'Hazardous zone', 'No gear']","Let’s break this down.  

The rule is:  
**If a worker enters a Hazardous zone, they must wear Protective gear.**  

In logical terms:  
If **Hazardous zone** (P), then **Protective gear** (Q).  
P → Q  

We have four cards:  

1. **Office** (not P)  
2. **Protective gear** (Q)  
3. **Hazardous zone** (P)  
4. **No gear** (not Q)  

To check if the rule is violated, we need to find cases where P is true but Q is false.  
That means we must check:  

- **P cards** (Hazardous zone) → must verify Q is true (Protective gear).  
- **not Q cards** (No gear) → must verify P is false (not Hazardous zone).  

Cards to turn over:  

- **Hazardous zone** (P) → to check if the back shows “Protective gear” or not.  
- **No gear** (not Q) → to check if the back shows “Hazardous zone” or not.  

Other cards:  
- **Office** (not P) → rule says nothing about what happens if not in Hazardous zone, so no need to check.  
- **Protective gear** (Q) → if Q is true, P could be true or false without violating the rule, so no need to check.  

ANSWER: Hazardous zone, No gear","['Hazardous zone', 'No gear']","['P', 'not_Q']",CORRECT,88,318,0
37,T38,1,370043,"If a worker enters a Hazardous zone, they must wear Protective gear.","Rule: ""If a worker enters a Hazardous zone, they must wear Protective gear.""
Cards: ['Protective gear', 'Hazardous zone', 'No gear', 'Office']

Which cards must you turn over?
Your answer:","['Protective gear', 'Hazardous zone', 'No gear', 'Office']","Let’s break this down.  

The rule is:  
**If a worker enters a Hazardous zone, they must wear Protective gear.**  

In logical terms:  
- If **Hazardous zone** (P), then **Protective gear** (Q).  
- Contrapositive: If **not Protective gear** (not Q), then **not Hazardous zone** (not P).  

We have four cards:  

1. **Protective gear** → This shows Q is true.  
   - No need to check, because the rule says nothing about what happens if they are wearing protective gear (they could be anywhere).  

2. **Hazardous zone** → This shows P is true.  
   - Must check the other side to see if Q (Protective gear) is true.  

3. **No gear** → This shows **not Q** (not wearing protective gear).  
   - Must check the other side to see if they are in a Hazardous zone (P). If they are, rule is broken.  

4. **Office** → This shows **not P** (not in Hazardous zone).  
   - No need to check, because rule only applies if in Hazardous zone.  

So we must turn over:  
- **Hazardous zone** (to check if Protective gear on back)  
- **No gear** (to check if Hazardous zone on back)  

ANSWER: Hazardous zone, No gear","['Hazardous zone', 'No gear']","['P', 'not_Q']",CORRECT,88,303,0
37,T38,2,370044,"If a worker enters a Hazardous zone, they must wear Protective gear.","Rule: ""If a worker enters a Hazardous zone, they must wear Protective gear.""
Cards: ['Office', 'No gear', 'Hazardous zone', 'Protective gear']

Which cards must you turn over?
Your answer:","['Office', 'No gear', 'Hazardous zone', 'Protective gear']","Let’s break this down.  

The rule is:  
**If a worker enters a Hazardous zone, they must wear Protective gear.**  

This is a conditional statement of the form:  
If **P** (enter Hazardous zone), then **Q** (wear Protective gear).  

In logic, to check if the rule is being followed, we need to test:  
1. **P true → Q must be true** (if someone entered Hazardous zone, check they are wearing Protective gear).  
2. **Q false → P must be false** (if someone is not wearing Protective gear, check they did not enter Hazardous zone).  

The four cards represent:  

- **Office** → Did not enter Hazardous zone (¬P)  
- **No gear** → Not wearing Protective gear (¬Q)  
- **Hazardous zone** → Entered Hazardous zone (P)  
- **Protective gear** → Wearing Protective gear (Q)  

We must turn over only the cards that could violate the rule if the other side doesn’t match the requirement.  

---

**Card 1: Office (¬P)**  
- This card’s hidden side could be anything.  
- Rule violation occurs only if P is true and Q is false. Here P is false, so no violation possible regardless of hidden side.  
- **Do not turn over.**  

**Card 2: No gear (¬Q)**  
- If hidden side is “Hazardous zone” (P), then we have P true and Q false → violation.  
- Must check hidden side.  
- **Turn over.**  

**Card 3: Hazardous zone (P)**  
- If hidden side is “No gear” (¬Q), then violation (P true, Q false).  
- Must check hidden side.  
- **Turn over.**  

**Card 4: Protective gear (Q)**  
- Hidden side could be anything.  
- If hidden side is “Hazardous zone” (P), then P true and Q true → no violation.  
- If hidden side is “Office” (¬P), then P false and Q true → no violation.  
- No possible violation from this card.  
- **Do not turn over.**  

---

**Cards to turn over:** No gear, Hazardous zone.  

ANSWER: No gear, Hazardous zone","['No gear', 'Hazardous zone']","['P', 'not_Q']",CORRECT,88,495,0
37,T38,3,370045,"If a worker enters a Hazardous zone, they must wear Protective gear.","Rule: ""If a worker enters a Hazardous zone, they must wear Protective gear.""
Cards: ['Protective gear', 'Hazardous zone', 'Office', 'No gear']

Which cards must you turn over?
Your answer:","['Protective gear', 'Hazardous zone', 'Office', 'No gear']","Let’s break this down.  

The rule is:  
**If a worker enters a Hazardous zone, they must wear Protective gear.**  

This can be written logically as:  
**If Hazardous zone (H) → then Protective gear (P).**  

The contrapositive is:  
**If not wearing Protective gear (not P) → then not in Hazardous zone (not H).**  

We have four cards:  
1. **Protective gear** → P is true.  
2. **Hazardous zone** → H is true.  
3. **Office** → This means not H (since Office is not a Hazardous zone).  
4. **No gear** → This means not P (since no gear means not wearing protective gear).  

To check if the rule is being followed, we need to test:  
- **H → P**: Check cards where H is true to see if P is true.  
- **not P → not H**: Check cards where not P is true to see if not H is true.  

From the cards:  
- **Protective gear (P)**: This card doesn’t test H → P because we don’t know if the worker is in a Hazardous zone. Flipping it tells us nothing about violating the rule (could be in Office with gear, which is fine).  
- **Hazardous zone (H)**: Must check if P is true. Must turn this over.  
- **Office (not H)**: This doesn’t test the rule directly because the rule only applies if H is true. If not H, anything about P is irrelevant. So no need to turn.  
- **No gear (not P)**: Must check if H is false (i.e., not in Hazardous zone). Must turn this over.  

So necessary cards: **Hazardous zone** and **No gear**.  

ANSWER: Hazardous zone, No gear","['Hazardous zone', 'No gear']","['P', 'not_Q']",CORRECT,88,404,0
37,T38,4,370046,"If a worker enters a Hazardous zone, they must wear Protective gear.","Rule: ""If a worker enters a Hazardous zone, they must wear Protective gear.""
Cards: ['Office', 'Protective gear', 'No gear', 'Hazardous zone']

Which cards must you turn over?
Your answer:","['Office', 'Protective gear', 'No gear', 'Hazardous zone']","Let’s break this down.  

The rule is:  
**If a worker enters a Hazardous zone, they must wear Protective gear.**  

This is a conditional statement of the form:  
If **P** (enters Hazardous zone), then **Q** (wear Protective gear).  

In logical terms:  
P → Q  

To check if the rule is being violated, we need to test:  
1. **Cases where P is true but Q is false** (entered Hazardous zone but not wearing Protective gear).  
2. We do **not** need to check cases where P is false (not entering Hazardous zone) — rule says nothing about them.  
3. We do **not** need to check cases where Q is true (wearing Protective gear) — they could be in a non-hazardous zone and still follow the rule.  

---

**Cards given:**  

- **Office** → This means the worker is **not** in a Hazardous zone (P is false).  
  No need to check, because rule doesn’t require anything if P is false.  

- **Protective gear** → This means Q is true.  
  No need to check, because even if they were in a Hazardous zone, they’d be following the rule.  

- **No gear** → This means Q is false.  
  We must check: are they in a Hazardous zone? If yes, rule broken. So we must turn this card to see if P is true.  

- **Hazardous zone** → This means P is true.  
  We must check: are they wearing Protective gear? If not, rule broken. So we must turn this card to see if Q is true.  

---

**Cards to turn over:**  
- **No gear** (to see if on the other side it says “Hazardous zone”)  
- **Hazardous zone** (to see if on the other side it says “Protective gear”)  

---

ANSWER: No gear, Hazardous zone","['No gear', 'Hazardous zone']","['P', 'not_Q']",CORRECT,88,424,0
38,T39,0,380042,"If a referee blows the Whistle, the game must Pause.","Rule: ""If a referee blows the Whistle, the game must Pause.""
Cards: ['Whistle blown', 'Game paused', 'No whistle', 'Game continues']

Which cards must you turn over?
Your answer:","['Whistle blown', 'Game paused', 'No whistle', 'Game continues']","Let’s break this down.  

The rule is:  
**If a referee blows the whistle, the game must pause.**  

This is a conditional statement:  
If **Whistle blown** → then **Game paused**.  

Logically, this is equivalent to:  
**Whistle blown → Game paused**  
Contrapositive: **Not Game paused → Not Whistle blown**  

We have four cards:  

1. **Whistle blown** (P: antecedent true)  
2. **Game paused** (Q: consequent true)  
3. **No whistle** (¬P: antecedent false)  
4. **Game continues** (¬Q: consequent false)  

We need to check only the cards that could violate the rule.  
A violation would occur if **Whistle blown** is true but **Game paused** is false.  

So we check:  
- **Whistle blown** (must check back: is game paused?)  
- **Game continues** (must check back: was whistle blown?)  

The other two cards don’t matter for violation:  
- **Game paused** → even if whistle wasn’t blown, rule not broken (no “if” triggered).  
- **No whistle** → rule not applicable, so no violation.  

Thus, we must turn over **Whistle blown** and **Game continues**.  

ANSWER: Whistle blown, Game continues","['Whistle blown', 'Game continues']","['P', 'not_Q']",CORRECT,86,290,0
38,T39,1,380043,"If a referee blows the Whistle, the game must Pause.","Rule: ""If a referee blows the Whistle, the game must Pause.""
Cards: ['Whistle blown', 'Game continues', 'Game paused', 'No whistle']

Which cards must you turn over?
Your answer:","['Whistle blown', 'Game continues', 'Game paused', 'No whistle']","Let’s break this down.  

The rule is:  
**If a referee blows the whistle, the game must pause.**  

In logical terms:  
- If **Whistle blown** (W), then **Game paused** (P).  
- This is **W → P**.  

The contrapositive is:  
- If **not P** (game does not pause), then **not W** (whistle not blown).  

We have four cards:  

1. **Whistle blown** → checks W case. Must verify P on other side.  
2. **Game continues** → means **not P**. Must verify **not W** on other side.  
3. **Game paused** → P is true. W → P doesn’t tell us anything if P is true (could be W or not W). No need to check.  
4. **No whistle** → not W. W → P is automatically satisfied if W is false, so no need to check.  

So we must turn over:  
- **Whistle blown** (to check if game paused on other side)  
- **Game continues** (to check if whistle blown on other side — if it is, rule is broken)  

ANSWER: Whistle blown, Game continues","['Whistle blown', 'Game continues']","['P', 'not_Q']",CORRECT,86,262,0
38,T39,2,380044,"If a referee blows the Whistle, the game must Pause.","Rule: ""If a referee blows the Whistle, the game must Pause.""
Cards: ['No whistle', 'Game continues', 'Whistle blown', 'Game paused']

Which cards must you turn over?
Your answer:","['No whistle', 'Game continues', 'Whistle blown', 'Game paused']","Let’s break this down.  

The rule is:  
**If a referee blows the whistle, the game must pause.**  
This is a conditional statement:  
If **Whistle blown** → then **Game paused**.  

Logically, this is:  
**W → P** (where W = whistle blown, P = game paused).  

The logical equivalent for checking violations is:  
We need to check cases where **W is true but P is false** (i.e., the antecedent true and consequent false).  

---

**Cards given:**  
1. **No whistle** → This is **¬W** (whistle not blown).  
   - If whistle not blown, rule doesn’t apply, so no need to check? Actually, in the selection task, we only need to check cards that could possibly violate the rule.  
   - Violation requires **W true and P false**.  
   - For “No whistle” (¬W), W is false, so it can’t be a violation regardless of what’s on the other side. So we don’t need to turn this.  

2. **Game continues** → This is **¬P** (game not paused).  
   - If ¬P, we must check the other side to see if W is true.  
   - Because if W is true and P false, that’s a violation.  
   - So we must turn this card.  

3. **Whistle blown** → This is **W** (whistle blown).  
   - If W, we must check the other side to see if P is true.  
   - If other side is ¬P, that’s a violation.  
   - So we must turn this card.  

4. **Game paused** → This is **P** (game paused).  
   - If P, the rule’s consequent is satisfied regardless of W.  
   - Even if W is false, rule is not violated (because rule only says what happens if W is true).  
   - So no need to turn this.  

---

**Cards to turn over:**  
- Whistle blown (to check if game paused)  
- Game continues (to check if whistle blown)  

That’s cards: **Whistle blown** and **Game continues**.  

---

ANSWER: Whistle blown, Game continues","['Whistle blown', 'Game continues']","['P', 'not_Q']",CORRECT,86,487,0
38,T39,3,380045,"If a referee blows the Whistle, the game must Pause.","Rule: ""If a referee blows the Whistle, the game must Pause.""
Cards: ['Game continues', 'No whistle', 'Whistle blown', 'Game paused']

Which cards must you turn over?
Your answer:","['Game continues', 'No whistle', 'Whistle blown', 'Game paused']","Let’s break this down.  

The rule is:  
**If a referee blows the whistle, the game must pause.**  
This is a conditional statement:  
**If Whistle blown → Game paused**  

In logical terms:  
Let \( W \) = ""Whistle blown""  
Let \( P \) = ""Game paused""  
Rule: \( W \rightarrow P \)  

To check if the rule is being followed, we need to test for violations.  
A violation occurs when \( W \) is true and \( P \) is false.  

So we must check:  
1. **Cards where \( W \) is true** → must verify \( P \) is true.  
2. **Cards where \( P \) is false** → must verify \( W \) is false.  

---

Given cards:  
- **Game continues** → This means \( P \) is false. Must check if \( W \) is false.  
- **No whistle** → This means \( W \) is false. No need to check (if \( W \) false, rule is automatically satisfied regardless of \( P \)).  
- **Whistle blown** → This means \( W \) is true. Must check if \( P \) is true.  
- **Game paused** → This means \( P \) is true. No need to check (if \( P \) true, rule is satisfied regardless of \( W \)).  

---

So the cards we **must turn over** are:  
1. **Whistle blown** (to check if game paused)  
2. **Game continues** (to check if whistle was not blown)  

---

ANSWER: Whistle blown, Game continues","['Whistle blown', 'Game continues']","['P', 'not_Q']",CORRECT,86,340,0
38,T39,4,380046,"If a referee blows the Whistle, the game must Pause.","Rule: ""If a referee blows the Whistle, the game must Pause.""
Cards: ['Whistle blown', 'Game continues', 'No whistle', 'Game paused']

Which cards must you turn over?
Your answer:","['Whistle blown', 'Game continues', 'No whistle', 'Game paused']","Let’s break this down.  

The rule is:  
**If a referee blows the whistle, the game must pause.**  

In logical form:  
If **Whistle blown** → then **Game paused**.  

This is a conditional statement. To check if the rule is being violated, we need to test:  

1. **Whistle blown** → Must check that **Game paused** is true (if not, rule broken).  
2. **Game not paused** → Must check that **Whistle blown** is false (if it’s true, rule broken).  

---

**Cards given:**  
- **Whistle blown** → This is the antecedent true case. Must check the back to see if game is paused. If it’s not paused, rule broken. So **turn this card**.  
- **Game continues** → This means “Game not paused.” If this card’s other side says “Whistle blown,” rule is broken. So **turn this card**.  
- **No whistle** → This is “Whistle blown” is false. Rule says nothing about what happens if whistle not blown, so no need to check.  
- **Game paused** → This is the consequent true case. If whistle not blown, still okay (no violation). So no need to check.  

---

**Cards to turn over:**  
1. Whistle blown  
2. Game continues  

---

ANSWER: Whistle blown, Game continues","['Whistle blown', 'Game continues']","['P', 'not_Q']",CORRECT,86,299,0
39,T40,0,390042,"If a customer uses a Loyalty card, they earn Points.","Rule: ""If a customer uses a Loyalty card, they earn Points.""
Cards: ['Earns points', 'Loyalty card', 'No points', 'No card']

Which cards must you turn over?
Your answer:","['Earns points', 'Loyalty card', 'No points', 'No card']","Let’s break this down.  

The rule is:  
**If a customer uses a Loyalty card, they earn Points.**  
This is a conditional statement:  
Loyalty card → Earns points.  

In logical terms:  
Let \( P \) = ""uses a Loyalty card""  
Let \( Q \) = ""earns Points""  
Rule: \( P \rightarrow Q \)  

To check if the rule is violated, we look for cases where \( P \) is true but \( Q \) is false.  
That means we must check:  
1. Cards where \( P \) is true (Loyalty card) — to see if \( Q \) is false (No points).  
2. Cards where \( Q \) is false (No points) — to see if \( P \) is true (Loyalty card).  

Other combinations don’t violate the rule:  
- No card and earns points → doesn’t break rule (antecedent false, rule says nothing).  
- No card and no points → doesn’t break rule.  
- Loyalty card and earns points → follows rule.  

Given cards:  
- **Earns points** → \( Q \) true, \( P \) unknown. Not necessary to check (could be card or no card, rule not violated either way).  
- **Loyalty card** → \( P \) true, must check \( Q \) (must earn points).  
- **No points** → \( Q \) false, must check \( P \) (must not have loyalty card).  
- **No card** → \( P \) false, no need to check (rule not violated regardless of \( Q \)).  

So must turn over: **Loyalty card** and **No points**.  

ANSWER: Loyalty card, No points","['Loyalty card', 'No points']","['P', 'not_Q']",CORRECT,87,371,0
39,T40,1,390043,"If a customer uses a Loyalty card, they earn Points.","Rule: ""If a customer uses a Loyalty card, they earn Points.""
Cards: ['No card', 'Earns points', 'Loyalty card', 'No points']

Which cards must you turn over?
Your answer:","['No card', 'Earns points', 'Loyalty card', 'No points']","Let’s break this down.  

**Rule:**  
""If a customer uses a Loyalty card, they earn Points.""  
Logical form:  
If **Loyalty card** → **Earns points**.  

This is a conditional statement:  
P = uses a Loyalty card  
Q = earns Points  
P → Q  

---

**Logical checking for violations:**  
The only way this rule can be false is if someone has a Loyalty card but does **not** earn points.  
So we need to check:  
1. **Cards where P is true** (Loyalty card) → must check Q is true (Earns points).  
   If Q is false, rule is broken.  
2. **Cards where Q is false** (No points) → must check P is false (not a Loyalty card).  
   If P is true, rule is broken.  

Cards where P is false (No card) or Q is true (Earns points) don’t necessarily break the rule, so we don’t need to check them for violation if we only see one side.  

---

**Given cards:**  
- **No card** → P is false → no need to check.  
- **Earns points** → Q is true → no need to check.  
- **Loyalty card** → P is true → must check Q (Earns points).  
- **No points** → Q is false → must check P (Loyalty card).  

---

**Must turn over:**  
1. **Loyalty card** (to see if it says “Earns points” on the other side — if it says “No points,” rule is broken).  
2. **No points** (to see if it says “Loyalty card” on the other side — if yes, rule is broken).  

---

ANSWER: Loyalty card, No points","['Loyalty card', 'No points']","['P', 'not_Q']",CORRECT,87,393,0
39,T40,2,390044,"If a customer uses a Loyalty card, they earn Points.","Rule: ""If a customer uses a Loyalty card, they earn Points.""
Cards: ['Loyalty card', 'Earns points', 'No points', 'No card']

Which cards must you turn over?
Your answer:","['Loyalty card', 'Earns points', 'No points', 'No card']","Let’s break this down.  

The rule is:  
**If a customer uses a Loyalty card, they earn Points.**  

This is a conditional statement of the form:  
If **P** (Loyalty card), then **Q** (Earns points).  

In logic, to check if the rule is being followed, we need to test:  
1. **P → Q**  
2. The only way the rule is violated is if **P is true and Q is false**.  

So we must check:  
- Any case where **Loyalty card** is true (to make sure they are earning points).  
- Any case where **Earns points** is false (to make sure they don’t have a Loyalty card).  

---

**Cards given:**  

1. **Loyalty card** → This is **P true**. Must check that Q is true (Earns points).  
2. **Earns points** → This is **Q true**. No need to check because rule says nothing about what happens if Q is true (could have card or not).  
3. **No points** → This is **Q false**. Must check that P is false (No Loyalty card).  
4. **No card** → This is **P false**. No need to check because rule says nothing about what happens if P is false.  

---

So we must turn over:  
- **Loyalty card** (to see if they earn points)  
- **No points** (to see if they have a Loyalty card)  

---

ANSWER: Loyalty card, No points","['Loyalty card', 'No points']","['P', 'not_Q']",CORRECT,87,336,0
39,T40,3,390045,"If a customer uses a Loyalty card, they earn Points.","Rule: ""If a customer uses a Loyalty card, they earn Points.""
Cards: ['No points', 'Loyalty card', 'No card', 'Earns points']

Which cards must you turn over?
Your answer:","['No points', 'Loyalty card', 'No card', 'Earns points']","Let’s break this down.  

The rule is:  
**If a customer uses a Loyalty card, they earn Points.**  

In logical terms:  
- **P** = uses a Loyalty card  
- **Q** = earns Points  
Rule: **P → Q**  

To check if the rule is being followed, we must test for violations.  
A violation occurs when **P is true and Q is false** (i.e., someone uses a Loyalty card but does not earn points).  

We have four cards:  

1. **No points** → This means **not Q** (¬Q).  
   We must check if **P** is true for this case (because if P is true here, rule is violated).  
   So we must turn this card.  

2. **Loyalty card** → This means **P** is true.  
   We must check if **Q** is true (earns points). If Q is false, rule is violated.  
   So we must turn this card.  

3. **No card** → This means **not P** (¬P).  
   Rule says nothing about when P is false; Q can be true or false without violating P → Q.  
   So no need to turn this card.  

4. **Earns points** → This means **Q** is true.  
   Rule is not violated regardless of P (if Q is true, P → Q is true whether P is true or false).  
   So no need to turn this card.  

**Cards to turn over:** ""No points"" and ""Loyalty card"".  

ANSWER: No points, Loyalty card","['No points', 'Loyalty card']","['P', 'not_Q']",CORRECT,87,349,0
39,T40,4,390046,"If a customer uses a Loyalty card, they earn Points.","Rule: ""If a customer uses a Loyalty card, they earn Points.""
Cards: ['No card', 'Loyalty card', 'Earns points', 'No points']

Which cards must you turn over?
Your answer:","['No card', 'Loyalty card', 'Earns points', 'No points']","Let’s break this down.  

**Rule:**  
If a customer uses a Loyalty card → they earn Points.  
Logical form: **If P (Loyalty card), then Q (Earns points).**  

**Cards shown:**  
1. No card (¬P)  
2. Loyalty card (P)  
3. Earns points (Q)  
4. No points (¬Q)  

---

**Reasoning for which to turn over (to check for rule violations):**  
- Violation of “If P then Q” occurs when **P is true and Q is false**.  
- So we must check any card that could possibly be **P and ¬Q**.  

**Check each card:**  
- **No card (¬P)**:  
  P is false, so “If P then Q” is automatically satisfied regardless of Q.  
  No need to check.  

- **Loyalty card (P)**:  
  Must check that Q is true (Earns points). If on the other side it says “No points,” that violates the rule.  
  → Must turn over.  

- **Earns points (Q)**:  
  P could be true or false on the other side. If P is false, rule is fine. If P is true, Q is true, so rule is fine.  
  No violation possible here.  
  → No need to turn over.  

- **No points (¬Q)**:  
  Must check that P is false (not a Loyalty card). If on the other side it says “Loyalty card,” that violates the rule.  
  → Must turn over.  

---

**Cards to turn over:** Loyalty card, No points.  

ANSWER: Loyalty card, No points","['Loyalty card', 'No points']","['P', 'not_Q']",CORRECT,87,372,0
40,T41,0,400042,"If a person is Speeding, they must pay a Fine.","Rule: ""If a person is Speeding, they must pay a Fine.""
Cards: ['Pays fine', 'Speeding', 'Normal speed', 'No fine']

Which cards must you turn over?
Your answer:","['Pays fine', 'Speeding', 'Normal speed', 'No fine']","Let’s break this down.  

The rule is:  
**If a person is speeding, they must pay a fine.**  
This is logically: **If Speeding → Pay Fine** (in logic notation: S → F).  

The contrapositive is: **If not Pay Fine → not Speeding** (¬F → ¬S).  

We need to check violations of the rule.  
A violation occurs when **Speeding is true but Pay Fine is false** (S true, F false).  

We have four cards:  

1. **Pays fine** (F true)  
2. **Speeding** (S true)  
3. **Normal speed** (S false)  
4. **No fine** (F false)  

We must turn over only those cards that **could** show a violation if the other side doesn’t match the rule.  

---

**Card 1: ""Pays fine""** (F true)  
- Other side could be Speeding or Normal speed.  
- If other side is Speeding: S true, F true → rule satisfied.  
- If other side is Normal speed: S false, F true → rule satisfied (no violation because S false means rule doesn’t apply).  
- So no possible violation regardless of other side.  
- **Do not turn.**

---

**Card 2: ""Speeding""** (S true)  
- Other side could be Pays fine or No fine.  
- If other side is No fine: S true, F false → **violation**.  
- Must check this card to ensure other side is not ""No fine"".  
- **Turn over.**

---

**Card 3: ""Normal speed""** (S false)  
- Rule says: If S → F. If S is false, rule is not violated regardless of F.  
- Other side could be Pays fine or No fine — both okay.  
- **Do not turn.**

---

**Card 4: ""No fine""** (F false)  
- Other side could be Speeding or Normal speed.  
- If other side is Speeding: S true, F false → **violation**.  
- Must check this card to ensure other side is not Speeding.  
- **Turn over.**

---

Cards to turn over: **Speeding** and **No fine**.

ANSWER: Speeding, No fine","['Speeding', 'No fine']","['P', 'not_Q']",CORRECT,85,494,0
40,T41,1,400043,"If a person is Speeding, they must pay a Fine.","Rule: ""If a person is Speeding, they must pay a Fine.""
Cards: ['No fine', 'Normal speed', 'Pays fine', 'Speeding']

Which cards must you turn over?
Your answer:","['No fine', 'Normal speed', 'Pays fine', 'Speeding']","Let’s break this down.  

The rule is:  
**If a person is speeding, they must pay a fine.**  
This is logically: **If Speeding → Pay fine**  

In logical terms:  
- **P** = Speeding  
- **Q** = Pay fine  
- Rule: **P → Q**  

To check violations, we need to find cases where **P is true but Q is false** (speeding but not paying a fine).  

The four cards are:  
1. **No fine** → This is **not Q** (did not pay fine).  
   We must check if the other side is **P** (speeding). If it is, rule is broken. So we must turn this card.  

2. **Normal speed** → This is **not P** (not speeding).  
   The rule says nothing about what happens if not speeding, so no need to check.  

3. **Pays fine** → This is **Q** (paid fine).  
   If the other side is P (speeding), rule is satisfied. If the other side is not P, rule is irrelevant. So no need to turn.  

4. **Speeding** → This is **P** (speeding).  
   We must check if the other side is **Q** (paying fine). If not, rule is broken. So we must turn this card.  

**Cards to turn over:**  
- **No fine** (to check if other side is Speeding)  
- **Speeding** (to check if other side is Pays fine)  

ANSWER: No fine, Speeding","['No fine', 'Speeding']","['P', 'not_Q']",CORRECT,85,341,0
40,T41,2,400044,"If a person is Speeding, they must pay a Fine.","Rule: ""If a person is Speeding, they must pay a Fine.""
Cards: ['Normal speed', 'No fine', 'Pays fine', 'Speeding']

Which cards must you turn over?
Your answer:","['Normal speed', 'No fine', 'Pays fine', 'Speeding']","Let’s break this down.  

The rule is:  
**If a person is speeding, they must pay a fine.**  
This is logically: **If Speeding → Pay fine**  

In logical terms:  
- **P** = Speeding  
- **Q** = Pay fine  
Rule: **P → Q**  

To check if the rule is being followed, we must test for violations.  
A violation occurs when **P is true and Q is false** (i.e., speeding but not paying a fine).  

So we must check:  
1. **Cards where P is true** (Speeding) → must verify Q is true (Pays fine).  
2. **Cards where Q is false** (No fine) → must verify P is false (not Speeding).  

---

**Cards given:**  
- **Normal speed** → This is **not P** (not speeding). No need to check for violation from this side, because rule only says what happens if speeding, not what happens if not speeding.  
- **No fine** → This is **not Q** (Q false). Must check if P is true (speeding) on the other side — if yes, violation. So **must turn**.  
- **Pays fine** → This is **Q true**. Could be speeding or not speeding; rule doesn’t forbid paying fine when not speeding. So no need to turn.  
- **Speeding** → This is **P true**. Must check if Q is true (pays fine) on the other side. So **must turn**.  

---

**Cards to turn over:**  
1. **Speeding** (to check if “Pays fine” on back)  
2. **No fine** (to check if “Speeding” on back)  

Normal speed and Pays fine don’t need to be turned.  

---

ANSWER: Speeding, No fine","['Speeding', 'No fine']","['P', 'not_Q']",CORRECT,85,397,0
40,T41,3,400045,"If a person is Speeding, they must pay a Fine.","Rule: ""If a person is Speeding, they must pay a Fine.""
Cards: ['Pays fine', 'Speeding', 'No fine', 'Normal speed']

Which cards must you turn over?
Your answer:","['Pays fine', 'Speeding', 'No fine', 'Normal speed']","Let’s break this down.  

The rule is:  
**If a person is speeding, they must pay a fine.**  
This is logically: **If Speeding → Pay Fine**  

In logical terms:  
- **P** = Speeding  
- **Q** = Pay Fine  
- Rule: **P → Q**  

To check violations, we need to find cases where **P is true but Q is false** (i.e., speeding but not paying a fine).  

The four cards are:  

1. **Pays fine** → This is **Q true**.  
   - If Q is true, P could be true or false; no violation from this card alone.  
   - So we don’t need to turn this to check the rule.  

2. **Speeding** → This is **P true**.  
   - We must check the other side to ensure Q is true (paying fine).  
   - If the other side says “No fine,” that’s a violation.  
   - So we **must turn this card**.  

3. **No fine** → This is **Q false**.  
   - If Q is false, we must check if P is true (speeding).  
   - If P is true, that’s a violation.  
   - So we **must turn this card**.  

4. **Normal speed** → This is **P false**.  
   - If P is false, Q can be true or false; rule says nothing about this case.  
   - So we don’t need to turn this.  

**Cards to turn over:** Speeding, No fine.  

ANSWER: Speeding, No fine","['Speeding', 'No fine']","['P', 'not_Q']",CORRECT,85,351,0
40,T41,4,400046,"If a person is Speeding, they must pay a Fine.","Rule: ""If a person is Speeding, they must pay a Fine.""
Cards: ['Pays fine', 'Normal speed', 'Speeding', 'No fine']

Which cards must you turn over?
Your answer:","['Pays fine', 'Normal speed', 'Speeding', 'No fine']","Let’s break this down.  

The rule is:  
**If a person is Speeding, they must pay a Fine.**  
This is logically: **If Speeding → then Pay Fine.**  

In logical terms:  
- **P** = Speeding  
- **Q** = Pay Fine  
Rule: **P → Q**  

To test whether the rule is being followed, we need to check:  
1. **Cards where P is true** (Speeding) → must check Q (Pays fine) is true.  
2. **Cards where Q is false** (No fine) → must check P (Speeding) is false.  

Other cases don’t violate the rule:  
- Not speeding (¬P) → fine or no fine is irrelevant to the rule.  
- Paying fine (Q) → could be speeding or not, rule doesn’t forbid paying fine when not speeding.  

Given cards:  
- **Pays fine** → Q true → no need to check (not violating even if P false).  
- **Normal speed** → ¬P → irrelevant.  
- **Speeding** → P true → must check Q (Pays fine).  
- **No fine** → Q false → must check P (Speeding).  

So we must turn over:  
**Speeding** (to see if they pay fine)  
**No fine** (to see if they were speeding)  

ANSWER: Speeding, No fine","['Speeding', 'No fine']","['P', 'not_Q']",CORRECT,85,307,0
41,T42,0,410042,"If you board a Plane, you must pass Security.","Rule: ""If you board a Plane, you must pass Security.""
Cards: ['Waiting outside', 'Passed security', 'Skipped security', 'Boarding plane']

Which cards must you turn over?
Your answer:","['Waiting outside', 'Passed security', 'Skipped security', 'Boarding plane']","Let’s break this down.  

**Step 1: Understand the rule**  
Rule: ""If you board a Plane, you must pass Security.""  
Logical form: If **P** (boarding a plane), then **S** (passed security).  
Contrapositive: If **not S** (did not pass security), then **not P** (not boarding a plane).  

**Step 2: Identify what each card represents**  
- ""Waiting outside"" → Not boarding a plane (¬P)  
- ""Passed security"" → S  
- ""Skipped security"" → Not S (¬S)  
- ""Boarding plane"" → P  

**Step 3: Determine which cards to check**  
For a conditional statement **P → S**, we check:  
1. **P cards** (to verify S is true for them) → ""Boarding plane""  
2. **¬S cards** (to verify ¬P is true for them) → ""Skipped security""  

We do **not** need to check:  
- ""Waiting outside"" (¬P) → rule says nothing about what happens if not boarding.  
- ""Passed security"" (S) → could be true whether boarding or not; no violation from S alone.  

**Step 4: Conclusion**  
Must turn over: ""Boarding plane"" and ""Skipped security"".  

ANSWER: Boarding plane, Skipped security","['Boarding plane', 'Skipped security']","['P', 'not_Q']",CORRECT,86,304,0
41,T42,1,410043,"If you board a Plane, you must pass Security.","Rule: ""If you board a Plane, you must pass Security.""
Cards: ['Waiting outside', 'Skipped security', 'Passed security', 'Boarding plane']

Which cards must you turn over?
Your answer:","['Waiting outside', 'Skipped security', 'Passed security', 'Boarding plane']","Let’s break this down.  

**Step 1: Understand the rule**  
Rule: ""If you board a Plane, you must pass Security.""  
Logical form: If **P** (board a plane), then **Q** (pass security).  
Contrapositive: If not **Q** (did not pass security), then not **P** (cannot board a plane).  

**Step 2: Identify what each card represents**  
- ""Waiting outside"" → not boarding a plane (¬P)  
- ""Skipped security"" → did not pass security (¬Q)  
- ""Passed security"" → passed security (Q)  
- ""Boarding plane"" → boarding a plane (P)  

**Step 3: Determine which cards to check**  
For a conditional statement **P → Q**, we check:  
1. **P cards** (to verify Q is true) → ""Boarding plane""  
2. **¬Q cards** (to verify P is false) → ""Skipped security""  

We do **not** need to check:  
- ¬P cards (""Waiting outside"") → rule says nothing about what happens if not boarding.  
- Q cards (""Passed security"") → rule doesn’t require that passing security means boarding a plane.  

**Step 4: Conclusion**  
Must turn over: ""Boarding plane"" and ""Skipped security"".  

ANSWER: Boarding plane, Skipped security","['Boarding plane', 'Skipped security']","['P', 'not_Q']",CORRECT,86,307,0
41,T42,2,410044,"If you board a Plane, you must pass Security.","Rule: ""If you board a Plane, you must pass Security.""
Cards: ['Waiting outside', 'Skipped security', 'Boarding plane', 'Passed security']

Which cards must you turn over?
Your answer:","['Waiting outside', 'Skipped security', 'Boarding plane', 'Passed security']","Let’s break this down.  

The rule is:  
**If you board a Plane, you must pass Security.**  
In logical terms:  
Boarding plane → Passed security.  

This is equivalent to:  
If P (board plane), then Q (passed security).  

The contrapositive is:  
If not Q (did not pass security), then not P (did not board plane).  

We need to check only cards that could violate the rule.  
The four cards are:  

1. **Waiting outside** → not boarding plane (¬P)  
2. **Skipped security** → not passed security (¬Q)  
3. **Boarding plane** → P  
4. **Passed security** → Q  

---

**Which cards to turn over to test the rule?**  

- **P card (Boarding plane)**: Must check if Q is true (passed security). If not, rule broken. → **Must turn over**.  
- **¬Q card (Skipped security)**: Must check if P is false (not boarding plane). If they are boarding plane, rule broken. → **Must turn over**.  

- **¬P card (Waiting outside)**: Rule says nothing about when not boarding plane. Could pass security or not, no violation. → **No need to turn over**.  
- **Q card (Passed security)**: Rule doesn’t require that if you passed security, you boarded plane. Could be irrelevant. → **No need to turn over**.  

---

**Cards to turn over**: Boarding plane, Skipped security.  

ANSWER: Boarding plane, Skipped security","['Boarding plane', 'Skipped security']","['P', 'not_Q']",CORRECT,86,341,0
41,T42,3,410045,"If you board a Plane, you must pass Security.","Rule: ""If you board a Plane, you must pass Security.""
Cards: ['Waiting outside', 'Passed security', 'Boarding plane', 'Skipped security']

Which cards must you turn over?
Your answer:","['Waiting outside', 'Passed security', 'Boarding plane', 'Skipped security']","Let’s break this down.  

The rule is:  
**If you board a Plane, you must pass Security.**  
This is a conditional statement:  
If **P** (board a plane), then **Q** (pass security).  
In logical terms: \( P \rightarrow Q \).  

To check violations, we need to find cases where \( P \) is true but \( Q \) is false.  
So we must turn over cards where:  
1. **P is true** (boarding plane) — to check if Q is false.  
2. **Q is false** (did not pass security) — to check if P is true.  

---

**Cards:**  
1. **Waiting outside** → This is **not P** (not boarding plane) and **not Q** (not passed security).  
   - No need to check: P is false, so rule is not violated regardless of Q.  

2. **Passed security** → This is **Q true**.  
   - If Q is true, the rule \( P \rightarrow Q \) is satisfied regardless of P. No need to check.  

3. **Boarding plane** → This is **P true**.  
   - Must check: if P is true, Q must be true. So turn over to see if Q is false.  

4. **Skipped security** → This is **Q false** (did not pass security).  
   - Must check: if Q is false, P must be false. So turn over to see if P is true.  

---

**Cards to turn over:**  
- Boarding plane (P true)  
- Skipped security (Q false)  

---

ANSWER: Boarding plane, Skipped security","['Boarding plane', 'Skipped security']","['P', 'not_Q']",CORRECT,86,359,0
41,T42,4,410046,"If you board a Plane, you must pass Security.","Rule: ""If you board a Plane, you must pass Security.""
Cards: ['Boarding plane', 'Passed security', 'Skipped security', 'Waiting outside']

Which cards must you turn over?
Your answer:","['Boarding plane', 'Passed security', 'Skipped security', 'Waiting outside']","Let’s break this down.  

The rule is:  
**If you board a Plane, you must pass Security.**  
Logical form: If P (board a plane), then Q (pass security).  

This is equivalent to:  
- P → Q  
- Contrapositive: ¬Q → ¬P (If you did not pass security, then you did not board a plane).  

To check violations, we need to find cases where P is true but Q is false.  
So we must turn over:  
1. Cards where P is true (to check Q is true).  
2. Cards where Q is false (to check P is false).  

---

**Cards:**  
1. **Boarding plane** → P is true → must check Q (passed security).  
2. **Passed security** → Q is true → no need to check P (because if Q is true, P could be true or false; rule only cares about P true → Q true).  
3. **Skipped security** → Q is false → must check P (if P is true, rule is broken).  
4. **Waiting outside** → P is false → no need to check Q (rule doesn’t require anything if not boarding plane).  

---

**Must turn over:**  
- Boarding plane (P true)  
- Skipped security (Q false)  

---

ANSWER: Boarding plane, Skipped security","['Boarding plane', 'Skipped security']","['P', 'not_Q']",CORRECT,86,295,0
42,T43,0,420042,"If a doctor prescribes Medicine, the patient needs a Prescription.","Rule: ""If a doctor prescribes Medicine, the patient needs a Prescription.""
Cards: ['No prescription', 'Over-the-counter', 'Has prescription', 'Prescription drug']

Which cards must you turn over?
Your answer:","['No prescription', 'Over-the-counter', 'Has prescription', 'Prescription drug']","Let’s break this down.  

**Step 1 – Understanding the rule**  
The rule is:  
> If a doctor prescribes Medicine, the patient needs a Prescription.  

In logical form:  
If **P** (doctor prescribes Medicine), then **Q** (patient needs a Prescription).  

**Step 2 – Identifying what each card represents**  
We have four cards:  

1. **No prescription** → This means the patient does **not** have a prescription.  
   In logic: **not Q** (¬Q).  

2. **Over-the-counter** → This means the medicine is not necessarily prescribed by a doctor (it’s OTC).  
   In logic: **not P** (¬P), because “doctor prescribes Medicine” is false for OTC drugs.  

3. **Has prescription** → This means the patient has a prescription.  
   In logic: **Q** (true).  

4. **Prescription drug** → This means the medicine is of a type that requires a prescription.  
   But does it say a doctor prescribed it? Not necessarily — it could just be the type of drug that *if* prescribed, needs a prescription. Actually, “Prescription drug” means it’s not OTC, so it must be prescribed by a doctor to be obtained. So this likely means **P** (doctor prescribes Medicine) is true.  

Let’s check:  
- “Prescription drug” = drug that legally requires a prescription.  
- If the patient has it, a doctor must have prescribed it (ignoring illegal cases). So yes, **P** is true.  

**Step 3 – Which cards to turn to test the rule**  
We test the conditional **P → Q** by looking for possible violations:  
- Violation happens if **P** is true and **Q** is false.  
So we must check:  
  1. Cards where **P** is true (to see if Q is false for them).  
  2. Cards where **Q** is false (to see if P is true for them).  

From the list:  
- **No prescription** → Q is false. Must check if P is true for this case. If P is true (doctor prescribed it) but Q is false (no prescription), that violates the rule. So turn this card.  

- **Over-the-counter** → P is false. No need to check Q because P false can’t violate P → Q. So do **not** turn this card.  

- **Has prescription** → Q is true. If Q is true, P could be true or false; either way, P → Q holds. So no need to turn this card.  

- **Prescription drug** → P is true. Must check if Q is true. If Q is false (patient doesn’t have prescription), that violates the rule. So turn this card.  

**Step 4 – Conclusion**  
Cards to turn: **No prescription** and **Prescription drug**.  

ANSWER: No prescription, Prescription drug","['No prescription', 'Prescription drug']","['P', 'not_Q']",CORRECT,87,643,0
42,T43,1,420043,"If a doctor prescribes Medicine, the patient needs a Prescription.","Rule: ""If a doctor prescribes Medicine, the patient needs a Prescription.""
Cards: ['No prescription', 'Prescription drug', 'Has prescription', 'Over-the-counter']

Which cards must you turn over?
Your answer:","['No prescription', 'Prescription drug', 'Has prescription', 'Over-the-counter']","Let’s break this down.  

The rule:  
**“If a doctor prescribes Medicine, the patient needs a Prescription.”**  

This is a conditional statement of the form:  
If **P** (doctor prescribes Medicine), then **Q** (patient needs a Prescription).  

In logical terms:  
P → Q.  

When testing such a rule in a selection task (like the Wason selection task), we want to check two types of violations:  
1. Cases where **P is true** but **Q is false** (to see if the consequent is missing when antecedent is true).  
2. Cases where **Q is false** but **P is true** — but actually, checking for a violation means we check cards that could show a violation; we don’t need to check cases where P is false, unless they imply something about Q?  

Actually standard approach:  
- We check cards where **P is true** (to see if Q is false).  
- We check cards where **Q is false** (to see if P is true).  

Why?  
If P is false, the rule is not violated regardless of Q.  
If Q is true, the rule is not violated regardless of P.  

So in this scenario:  
P = “doctor prescribes Medicine” (we can interpret this from the card’s content).  
Q = “patient needs a Prescription” (which means they have a prescription, I think).  

---

**Interpreting the cards:**  
We need to map each card to P (doctor prescribes Medicine) or Q (patient needs a Prescription).  

Cards given:  
1. **‘No prescription’** → This means patient doesn’t have a prescription (Q is false).  
2. **‘Prescription drug’** → This likely means the medicine itself requires a prescription, but does it tell us whether *the doctor prescribed it*? Possibly yes — a prescription drug is typically one that a doctor prescribes, so P is true here.  
3. **‘Has prescription’** → This means patient has a prescription (Q is true).  
4. **‘Over-the-counter’** → This means medicine doesn’t require prescription (Q is false) AND likely doctor didn’t prescribe it (P false).  

But careful: For ‘Over-the-counter’: medicine not prescribed by a doctor usually, so P false, Q false.  
For ‘Prescription drug’: Usually implies doctor prescribed (P true).  

---

Let’s clarify:  
The antecedent P: “doctor prescribes Medicine” — what card shows this directly? Only “Prescription drug” clearly implies doctor prescribed (it’s a prescription drug, so prescribed by doctor).  
The consequent Q: “patient needs a Prescription” — “Has prescription” means Q true; “No prescription” means Q false; “Over-the-counter” means patient doesn’t need prescription (Q false).  

---

So:  
Card ‘Prescription drug’ → P true → must check Q (does patient need prescription? maybe irrelevant for this card’s hidden side). Actually we need to see the other side of this card to check if Q is false. So this card must be turned over.  

Card ‘No prescription’ → Q false → must check P (did doctor prescribe Medicine?). Must turn over.  

Card ‘Has prescription’ → Q true → no need to check P because if Q true, rule not violated regardless of P.  

Card ‘Over-the-counter’ → Q false? Actually OTC means patient doesn’t need prescription → Q false → must check P (did doctor prescribe?). This seems odd: If medicine is OTC, doctor might still prescribe it, but then patient doesn’t need prescription. That’s a violation? Wait: If doctor prescribes OTC medicine, patient still doesn’t need prescription. Rule says “If doctor prescribes Medicine, patient needs Prescription.” But here doctor prescribed, yet patient doesn’t need prescription → violates rule. So ‘Over-the-counter’ card could show a violation if P is true on other side. So must check it.  

Actually yes:  
‘Over-the-counter’ means Q false, so we must check P.  

---

So cards needed:  
- **Prescription drug** (P true, must verify Q)  
- **No prescription** (Q false, must verify P)  
- **Over-the-counter** (Q false, must verify P)  

---

So 3 cards: ‘Prescription drug’, ‘No prescription’, ‘Over-the-counter’.  

---

ANSWER: Prescription drug, No prescription, Over-the-counter","['Prescription drug', 'No prescription', 'Over-the-counter']","['P', 'not_P', 'not_Q']",LOGIC_ERROR,87,961,0
42,T43,2,420044,"If a doctor prescribes Medicine, the patient needs a Prescription.","Rule: ""If a doctor prescribes Medicine, the patient needs a Prescription.""
Cards: ['No prescription', 'Prescription drug', 'Over-the-counter', 'Has prescription']

Which cards must you turn over?
Your answer:","['No prescription', 'Prescription drug', 'Over-the-counter', 'Has prescription']","Let’s break this down.  

**Step 1: Restate the rule in logical form**  
Rule: *If a doctor prescribes Medicine, the patient needs a Prescription.*  
This is an **if P then Q** statement:  
- P = ""doctor prescribes Medicine""  
- Q = ""patient needs a Prescription""  

**Step 2: Determine what each card represents**  
We have four cards:  
1. **No prescription** → This describes the patient’s situation: patient does *not* have a prescription.  
   - This is **not Q** (because Q = needs a prescription).  
2. **Prescription drug** → This describes the *medicine*: it is a prescription drug.  
   - This is about the medicine type, not directly P or Q. But if a doctor prescribes this medicine, then P is true.  
   - Wait — careful: ""Prescription drug"" means it legally requires a prescription. But does it say the doctor prescribed it? Not necessarily. The rule is about *if* a doctor prescribes medicine, not about the drug’s classification.  
   - Actually, in the Wason selection task, ""Prescription drug"" is analogous to ""Medicine"" in the rule? Let’s map it:  
     Original abstract task: ""If a card has a vowel on one side, it has an even number on the other."" Cards: E, K, 4, 7.  
     Here: ""If a doctor prescribes Medicine, the patient needs a Prescription.""  
     Cards: 'No prescription' (patient status: no prescription), 'Prescription drug' (medicine type: requires prescription), 'Over-the-counter' (medicine type: does not require prescription), 'Has prescription' (patient status: has prescription).  

**Step 3: Map to Wason task**  
- P = ""doctor prescribes Medicine"" → corresponds to side of card about *medicine being prescribed*.  
- Q = ""patient needs a Prescription"" → corresponds to side of card about *patient’s prescription status*.  

Each card shows one side only. We must check the *other side* to see if the rule is violated.  

We need to check:  
1. **P and not Q** cases (violations): doctor prescribed medicine but patient has no prescription.  
2. So we must turn any card that could be P (to check if Q is false on other side) and any card that is not Q (to check if P is true on other side).  

**Step 4: Identify P cards and not Q cards**  
- 'No prescription' → This is **not Q** (patient lacks prescription). Must turn to see if other side says doctor prescribed medicine (P). If yes, rule broken.  
- 'Prescription drug' → This is a type of medicine that *requires* a prescription. But does it mean a doctor prescribed it? Not necessarily — maybe it’s just the drug’s classification. In the rule, P is ""doctor prescribes Medicine"" — if this card’s *other side* says ""doctor prescribed it"", then P is true, and Q must be true (patient needs prescription). But here, the visible side says ""Prescription drug"" — that’s actually describing the medicine’s type, not whether a doctor prescribed it.  
   Wait — in the abstract task, ""Prescription drug"" is like ""Medicine"" in the rule? Possibly yes: ""Medicine"" in the rule means prescription drug? No, rule says ""If a doctor prescribes Medicine"" — Medicine could be any drug, prescription or OTC. But if it’s OTC, maybe no prescription needed, so rule doesn’t apply? Actually rule says: if doctor prescribes it → needs prescription. So if it’s OTC but doctor prescribes it, still needs prescription? Possibly yes — but OTC means you don’t *need* prescription to buy, but if doctor prescribes it, maybe insurance requires prescription. Hmm.  

Better to treat ""Prescription drug"" as **P?** Not exactly: P is ""doctor prescribes Medicine"", not ""Medicine is prescription type"". So ""Prescription drug"" card’s visible side is about drug type, not about whether doctor prescribed. So we don’t know P from visible side. But maybe in the experiment, ""Prescription drug"" means it is the kind that a doctor would prescribe (so P is true if this medicine is involved). But we must check: if visible side says ""Prescription drug"", the other side could be patient’s status: maybe ""No prescription"" → violation. But that’s already covered by 'No prescription' card.  

Actually, in Wason task:  
E (vowel) → check other side for even number (P card).  
K (consonant) → no need to check (not P).  
4 (even) → need to check other side for vowel? No — only if 4 is not Q? Wait, Q = even number. 4 is Q, so no need to check unless we’re looking for P and not Q? Actually, in standard answer:  
Check P (E) to see if not Q.  
Check not Q (7) to see if P.  

So map:  
P = ""doctor prescribes Medicine"" → card showing medicine prescribed? But our cards don’t explicitly say that. They say ""Prescription drug"" or ""Over-the-counter"" (these are medicine types). Possibly ""Prescription drug"" means P is true (because if it’s a prescription drug, a doctor must prescribe it for the patient to take it legally). So maybe:  
- 'Prescription drug' → P (doctor prescribed it)  
- 'Over-the-counter' → not P (not necessarily prescribed)  
- 'Has prescription' → Q (patient has prescription)  
- 'No prescription' → not Q (patient lacks prescription)  

**Step 5: Apply Wason logic**  
We check:  
- P card ('Prescription drug') → turn to see if patient has no prescription (not Q) on other side. If yes, violation.  
- not Q card ('No prescription') → turn to see if doctor prescribed it (P) on other side. If yes, violation.  

Other cards:  
- 'Has prescription' (Q) → no need to turn (even if P is false, rule not broken).  
- 'Over-the-counter' (not P) → no need to turn (if not P, rule doesn’t apply, so Q can be true or false).  

**Step 6: Conclusion**  
Cards to turn: 'Prescription drug' and 'No prescription'.  

ANSWER: Prescription drug, No prescription","['Prescription drug', 'No prescription']","['P', 'not_Q']",CORRECT,87,1421,0
42,T43,3,420045,"If a doctor prescribes Medicine, the patient needs a Prescription.","Rule: ""If a doctor prescribes Medicine, the patient needs a Prescription.""
Cards: ['Has prescription', 'Prescription drug', 'Over-the-counter', 'No prescription']

Which cards must you turn over?
Your answer:","['Has prescription', 'Prescription drug', 'Over-the-counter', 'No prescription']","Let’s break this down.  

The rule is:  
**If a doctor prescribes Medicine, the patient needs a Prescription.**  

In logical terms:  
- If **P** (doctor prescribes Medicine) → **Q** (patient needs a Prescription).  
- Contrapositive: If not **Q** (patient does not need a Prescription) → not **P** (doctor did not prescribe Medicine).  

We check each card to see if we must turn it over to test the rule.  

---

**Cards:**  
1. **Has prescription** → This means **Q** is true.  
   - If Q is true, P could be true or false (no violation from Q true alone).  
   - So we don’t need to check this card.  

2. **Prescription drug** → This means the medicine is of a type that requires a prescription.  
   - But the rule is about whether a doctor prescribed it, not about the type of drug.  
   - Actually, the card says “Prescription drug” — that’s ambiguous: it could mean the drug is one that legally requires a prescription, but does that mean a doctor prescribed it in this case? Not necessarily.  
   - Wait, the rule says: “If a doctor prescribes Medicine, the patient needs a Prescription.”  
   - So P = “doctor prescribes Medicine” — the card “Prescription drug” doesn’t directly tell us P is true or false. It might imply it’s a drug that should be prescribed, but maybe someone got it without a prescription.  
   - To test the rule, we need to check cases where P is true (doctor prescribed it) and see if Q is true (has prescription). If “Prescription drug” means P is true, then we must check Q. But if it just describes the drug type, not the action of prescribing, then maybe not.  
   - Usually in Wason selection task, “Prescription drug” means the drug is one that requires a prescription, so it’s like P is true (because if it’s a prescription drug and the person has it, a doctor must have prescribed it for them to have it legally). But the task is about verifying the rule, so if someone has a prescription drug, we must check if they have a prescription.  
   - So yes, this card corresponds to P true, so we must check Q.  

3. **Over-the-counter** → This means not a prescription drug, so P is false (doctor did not prescribe it, because it’s OTC).  
   - If P is false, rule is not violated regardless of Q.  
   - So no need to check.  

4. **No prescription** → This means Q is false (patient does not have a prescription).  
   - If Q is false, then by contrapositive, P must be false.  
   - So we must check this card to ensure P is false (i.e., doctor did not prescribe medicine).  

---

**Cards to turn over:**  
- **Prescription drug** (to check if “Has prescription” is true — i.e., Q true)  
- **No prescription** (to check if it’s not a doctor-prescribed medicine — i.e., P false)  

---

ANSWER: Prescription drug, No prescription","['Prescription drug', 'No prescription']","['P', 'not_Q']",CORRECT,87,695,0
42,T43,4,420046,"If a doctor prescribes Medicine, the patient needs a Prescription.","Rule: ""If a doctor prescribes Medicine, the patient needs a Prescription.""
Cards: ['Has prescription', 'No prescription', 'Over-the-counter', 'Prescription drug']

Which cards must you turn over?
Your answer:","['Has prescription', 'No prescription', 'Over-the-counter', 'Prescription drug']","Let’s break this down.  

**Step 1 – Interpret the rule**  
Rule: *If a doctor prescribes Medicine, the patient needs a Prescription.*  
Logical form: If **P** (doctor prescribes medicine), then **Q** (patient needs a prescription).  

**Step 2 – Identify what each card represents in terms of P and Q**  
We have four cards:  

1. **Has prescription** → This describes the patient’s situation: they have a prescription. That’s **Q true**.  
2. **No prescription** → Patient does not have a prescription. That’s **Q false**.  
3. **Over-the-counter** → This means the medicine is over-the-counter, so a doctor did **not** prescribe it (not prescribed by doctor = **P false**).  
4. **Prescription drug** → This means the medicine is a prescription drug. But does that mean a doctor prescribed it? In common terms, “prescription drug” means it *requires* a prescription, but the statement “doctor prescribes medicine” (**P**) is about the action, not the type of drug. However, in the context of the rule, if it’s a prescription drug, it’s likely being considered as “medicine that a doctor prescribes” (**P true**). Let’s check: The rule says “If a doctor prescribes Medicine” — here “Medicine” could be any medicine, but in testing the rule, we care about cases where P is true or false. “Prescription drug” probably means it’s the kind that a doctor *would* prescribe, so likely **P true**.  

But careful: The rule is about checking violations. A violation is when **P true** and **Q false**.  

**Step 3 – Which cards to turn to check for violations?**  
We need to check:  
- Cases where **P is true** (doctor prescribed medicine) → must verify Q is true (patient has prescription).  
- Cases where **Q is false** (patient has no prescription) → must verify P is false (doctor did not prescribe).  

We don’t need to check cases where P is false (no rule violation regardless of Q), nor cases where Q is true (no violation regardless of P).  

**Step 4 – Map cards to P and Q**  
- “Has prescription” → Q true → no need to check (even if P false or true, rule not violated when Q true).  
- “No prescription” → Q false → **must check** P is false (if P true here, rule violated).  
- “Over-the-counter” → P false (doctor didn’t prescribe) → no need to check (rule says nothing about when P false).  
- “Prescription drug” → P true (assume doctor prescribed it) → **must check** Q is true (patient has prescription).  

**Step 5 – Conclusion**  
Cards to turn over:  
1. **No prescription** (to ensure P is false — i.e., doctor didn’t prescribe it)  
2. **Prescription drug** (to ensure Q is true — i.e., patient has prescription)  

ANSWER: No prescription, Prescription drug","['No prescription', 'Prescription drug']","['P', 'not_Q']",CORRECT,87,674,0
43,T44,0,430042,"If you enter a Courtroom, you must be Silent.","Rule: ""If you enter a Courtroom, you must be Silent.""
Cards: ['Courtroom', 'Hallway', 'Talking', 'Silent']

Which cards must you turn over?
Your answer:","['Courtroom', 'Hallway', 'Talking', 'Silent']","Let’s break this down.  

The rule is:  
**If you enter a Courtroom, you must be Silent.**  

In logical terms:  
- **If P (enter a Courtroom), then Q (be Silent).**  
- Contrapositive: If not Q (not Silent → Talking), then not P (not enter a Courtroom).  

We have four cards:  

1. **Courtroom** → P (enter a Courtroom)  
2. **Hallway** → not P (not a Courtroom)  
3. **Talking** → not Q (not Silent)  
4. **Silent** → Q (Silent)  

To check if the rule is being followed, we must test:  
- **P card (Courtroom)**: Must check the other side to ensure Q (Silent). If the other side is Talking, rule is broken.  
- **not Q card (Talking)**: Must check the other side to ensure not P (not Courtroom). If the other side is Courtroom, rule is broken.  

Cards we don’t need to turn:  
- **not P card (Hallway)**: Rule only says what happens if you enter a Courtroom. If you’re not in a Courtroom, you can be Silent or Talking — no restriction.  
- **Q card (Silent)**: If you’re Silent, it’s fine whether you’re in a Courtroom or not.  

So the cards to turn over: **Courtroom** and **Talking**.  

ANSWER: Courtroom, Talking","['Courtroom', 'Talking']","['P', 'not_Q']",CORRECT,83,330,0
43,T44,1,430043,"If you enter a Courtroom, you must be Silent.","Rule: ""If you enter a Courtroom, you must be Silent.""
Cards: ['Courtroom', 'Talking', 'Silent', 'Hallway']

Which cards must you turn over?
Your answer:","['Courtroom', 'Talking', 'Silent', 'Hallway']","Let’s break this down.  

The rule is:  
**If you enter a Courtroom, you must be Silent.**  
This is a conditional statement:  
If **Courtroom** → then **Silent**.  

In logical terms:  
- **P** = ""enter a Courtroom""  
- **Q** = ""be Silent""  
- Rule: P → Q  

To check if the rule is being followed, we must test for violations.  
A violation occurs when **P is true and Q is false** (i.e., someone is in a Courtroom and not Silent).  

We have four cards:  

1. **Courtroom** → This is **P true**. We need to check the other side to see if **Q is true** (Silent). If the other side is not Silent, rule is broken. So must turn.  
2. **Talking** → ""Talking"" means **not Silent**, so **Q is false**. We need to check if the other side is **Courtroom** (P true), because if it is, rule is broken. So must turn.  
3. **Silent** → This is **Q true**. If Q is true, the rule P → Q is automatically satisfied regardless of P (no violation possible). So no need to turn.  
4. **Hallway** → This is **not Courtroom**, so **P false**. If P is false, the rule P → Q is automatically satisfied regardless of Q. So no need to turn.  

Thus, the cards to turn over are: **Courtroom** and **Talking**.  

ANSWER: Courtroom, Talking","['Courtroom', 'Talking']","['P', 'not_Q']",CORRECT,83,341,0
43,T44,2,430044,"If you enter a Courtroom, you must be Silent.","Rule: ""If you enter a Courtroom, you must be Silent.""
Cards: ['Courtroom', 'Silent', 'Hallway', 'Talking']

Which cards must you turn over?
Your answer:","['Courtroom', 'Silent', 'Hallway', 'Talking']","Let's break this down step by step.

**Step 1 – Understanding the rule**  
The rule is: ""If you enter a Courtroom, you must be Silent.""  
This is a conditional statement of the form: **If P, then Q**.  
P = ""you enter a Courtroom""  
Q = ""you must be Silent""  

In logical terms: P → Q.

**Step 2 – What needs to be checked**  
In standard logic for verifying such rules, we need to test cases where:
- P is true (Courtroom) → check that Q is true (Silent).
- Q is false (Not Silent) → check that P is false (Not Courtroom).

That means we must turn over:
1. Any card showing **Courtroom** (P) to verify that the person is Silent (Q).
2. Any card showing **Not Silent** (i.e., Talking) to verify that the person is not in a Courtroom (Not P).

**Step 3 – Apply to the given cards**  
Cards: ['Courtroom', 'Silent', 'Hallway', 'Talking']  

- 'Courtroom' → This is P true, so must turn it over to check the back for Q (Silent).
- 'Silent' → This is Q true. If Q is true, the rule doesn't force anything about P (could be in Courtroom or not), so no need to check.
- 'Hallway' → This is ""not Courtroom"" (P false). If P is false, rule is not applicable, so no need to check.
- 'Talking' → This is ""not Silent"" (Q false). We must turn it over to check that P is false (not Courtroom).

**Step 4 – Conclusion**  
Cards to turn over: Courtroom and Talking.

ANSWER: Courtroom, Talking","['Courtroom', 'Talking']","['P', 'not_Q']",CORRECT,83,389,0
43,T44,3,430045,"If you enter a Courtroom, you must be Silent.","Rule: ""If you enter a Courtroom, you must be Silent.""
Cards: ['Silent', 'Hallway', 'Talking', 'Courtroom']

Which cards must you turn over?
Your answer:","['Silent', 'Hallway', 'Talking', 'Courtroom']","Let’s break this down.  

The rule is:  
**If you enter a Courtroom, you must be Silent.**  

In logical form:  
If **Courtroom** → then **Silent**.  
Contrapositive: If **not Silent** → then **not Courtroom**.  

We have four cards:  
1. **Silent**  
2. **Hallway**  
3. **Talking**  
4. **Courtroom**  

We need to check only the cards that could violate the rule.  

---

**Step 1 – Identify what each card represents in terms of the rule:**  

- **Silent** → This is the “then” part (being Silent).  
  Flipping it: on the other side, we might find “Courtroom” or “not Courtroom”.  
  If the other side is “Courtroom”, that’s fine (rule says if Courtroom then Silent, and here Silent is true).  
  If the other side is “not Courtroom” (e.g., Hallway), that’s also fine (rule doesn’t say anything about needing to be Silent only in Courtroom).  
  So **Silent** card does **not** need to be turned over — it can’t violate the rule.  

- **Hallway** → This is “not Courtroom”.  
  Rule says: If Courtroom → Silent.  
  If not Courtroom, rule doesn’t apply. So no need to check Hallway.  

- **Talking** → This is “not Silent”.  
  According to contrapositive: If not Silent → then not Courtroom.  
  So we must check the other side of Talking to ensure it is **not Courtroom**.  
  If the other side is Courtroom, that violates the rule (Courtroom + Talking).  
  So **Talking** must be turned over.  

- **Courtroom** → This is the “if” part.  
  Rule says: If Courtroom → Silent.  
  So we must check the other side of Courtroom to ensure it is **Silent**.  
  If the other side is not Silent, rule is violated.  
  So **Courtroom** must be turned over.  

---

**Step 2 – Conclusion:**  
Cards to turn over: **Courtroom** and **Talking**.  

---

ANSWER: Courtroom, Talking","['Courtroom', 'Talking']","['P', 'not_Q']",CORRECT,83,498,0
43,T44,4,430046,"If you enter a Courtroom, you must be Silent.","Rule: ""If you enter a Courtroom, you must be Silent.""
Cards: ['Courtroom', 'Hallway', 'Silent', 'Talking']

Which cards must you turn over?
Your answer:","['Courtroom', 'Hallway', 'Silent', 'Talking']","Let’s break this down.  

The rule is:  
**If you enter a Courtroom, you must be Silent.**  
This can be written in logic as:  
If **Courtroom** → then **Silent**.  

In logical terms:  
Let \( P \) = ""enter a Courtroom""  
Let \( Q \) = ""be Silent""  
Rule: \( P \rightarrow Q \)  

To check violations, we need to test:  
1. **Cases where \( P \) is true** → must check \( Q \) is true (if \( Q \) is false, rule is broken).  
2. **Cases where \( Q \) is false** → must check \( P \) is false (if \( P \) is true, rule is broken).  

---

**Cards given:**  
- **Courtroom** → \( P \) is true → must check \( Q \) (Silent).  
- **Hallway** → \( P \) is false → no requirement from the rule (can be Silent or Talking).  
- **Silent** → \( Q \) is true → no requirement from the rule (could be in Courtroom or not).  
- **Talking** → \( Q \) is false → must check \( P \) (Courtroom).  

---

**Which cards must be turned over to test the rule?**  
- Turn over **Courtroom** to see if the person is Silent.  
- Turn over **Talking** to see if the person is in a Courtroom.  

Hallway and Silent don’t need to be checked for violations in this setup.  

---

ANSWER: Courtroom, Talking","['Courtroom', 'Talking']","['P', 'not_Q']",CORRECT,83,336,0
44,T45,0,440042,"If a car is Parked illegally, it gets a Ticket.","Rule: ""If a car is Parked illegally, it gets a Ticket.""
Cards: ['Illegal parking', 'No ticket', 'Legal parking', 'Gets ticket']

Which cards must you turn over?
Your answer:","['Illegal parking', 'No ticket', 'Legal parking', 'Gets ticket']","Let’s break this down.  

The rule is:  
**If a car is parked illegally, then it gets a ticket.**  
This is a conditional statement: **If P, then Q**, where:  
- P = Parked illegally  
- Q = Gets a ticket  

We have four cards:  
1. **Illegal parking** → P is true  
2. **No ticket** → Q is false  
3. **Legal parking** → P is false  
4. **Gets ticket** → Q is true  

To test the rule, we need to check for violations of **If P then Q**.  
The only violation is when **P is true and Q is false**.  

So we must check:  
- **P true** cards (to make sure Q is true) → card 1 (""Illegal parking"") must be turned.  
- **Q false** cards (to make sure P is false) → card 2 (""No ticket"") must be turned.  

We do **not** need to turn:  
- **P false** cards (card 3, ""Legal parking"") → rule says nothing about what happens if not parked illegally.  
- **Q true** cards (card 4, ""Gets ticket"") → could be legally parked and got a ticket for other reasons, which doesn’t violate the rule.  

**Cards to turn over:** Illegal parking, No ticket.  

ANSWER: Illegal parking, No ticket","['Illegal parking', 'No ticket']","['P', 'not_Q']",CORRECT,86,301,0
44,T45,1,440043,"If a car is Parked illegally, it gets a Ticket.","Rule: ""If a car is Parked illegally, it gets a Ticket.""
Cards: ['Illegal parking', 'No ticket', 'Gets ticket', 'Legal parking']

Which cards must you turn over?
Your answer:","['Illegal parking', 'No ticket', 'Gets ticket', 'Legal parking']","First, let's analyze the rule: ""If a car is Parked illegally, it gets a Ticket."" This is a conditional statement of the form: If P (parked illegally), then T (gets ticket). In logical terms: P → T.

To test whether the rule holds, we need to check cards that could violate the rule. The possible violations are:
1. P is true but T is false (car parked illegally but no ticket).
2. We don't need to check when P is false (legal parking) because the rule says nothing about that case — if parking is legal, getting a ticket or not doesn't violate the rule.

Now, look at the cards:
- 'Illegal parking' → P is true.
- 'No ticket' → T is false.
- 'Gets ticket' → T is true.
- 'Legal parking' → P is false.

We must turn over cards that could show a violation:

- 'Illegal parking' (P true): We need to check the other side to see if it says ""No ticket"" (T false). If it does, that violates P → T. So we must turn this card.
- 'No ticket' (T false): We need to check the other side to see if it says ""Illegal parking"" (P true). If it does, that violates P → T. So we must turn this card.
- 'Gets ticket' (T true): This doesn't risk a violation because even if the other side says ""Illegal parking"", that's consistent with the rule. And if it says ""Legal parking"", that's allowed because the rule doesn't forbid tickets for legally parked cars. So no need to turn.
- 'Legal parking' (P false): This doesn't risk a violation because the rule doesn't apply when parking is legal. Whether there's a ticket or not, it doesn't contradict the rule. So no need to turn.

Therefore, the cards to turn over are: 'Illegal parking' and 'No ticket'.

ANSWER: Illegal parking, No ticket","['Illegal parking', 'No ticket']","['P', 'not_Q']",CORRECT,86,424,0
44,T45,2,440044,"If a car is Parked illegally, it gets a Ticket.","Rule: ""If a car is Parked illegally, it gets a Ticket.""
Cards: ['No ticket', 'Gets ticket', 'Illegal parking', 'Legal parking']

Which cards must you turn over?
Your answer:","['No ticket', 'Gets ticket', 'Illegal parking', 'Legal parking']","Let’s reason step by step.  

---

**Rule:** ""If a car is Parked illegally, it gets a Ticket.""  
Formally: If P (parked illegally) then T (gets ticket).  
Logical form: P → T.

---

**Applying the rule to the selection task**:  
We want to check cases that could violate the rule P → T.  
Violations occur when P is true and T is false.  

So we must examine:  
1. Cases where **P is true** (to verify T is also true).  
2. Cases where **T is false** (to verify P is false — because if T is false and P is true, rule is violated).  

---

**Cards:**  
- 'No ticket' → This means T is false. Must check if P is true (parked illegally).  
- 'Gets ticket' → This means T is true. Rule doesn’t require checking if P is true or false when T is true (since P → T could be satisfied even if P is false, via P false/T true).  
- 'Illegal parking' → This means P is true. Must check if T is true.  
- 'Legal parking' → This means P is false. Rule doesn’t require checking T here (P false makes P → T automatically true).  

---

**Necessary cards:**  
1. 'Illegal parking' (P true) → check if it “gets ticket”?  
2. 'No ticket' (T false) → check if it was “parked illegally”?  

The cards ‘Gets ticket’ and ‘Legal parking’ are irrelevant to finding violations.

---

ANSWER: Illegal parking, No ticket","['Illegal parking', 'No ticket']","['P', 'not_Q']",CORRECT,86,352,0
44,T45,3,440045,"If a car is Parked illegally, it gets a Ticket.","Rule: ""If a car is Parked illegally, it gets a Ticket.""
Cards: ['No ticket', 'Legal parking', 'Gets ticket', 'Illegal parking']

Which cards must you turn over?
Your answer:","['No ticket', 'Legal parking', 'Gets ticket', 'Illegal parking']","Let’s break this down.  

The rule is:  
**If a car is parked illegally, then it gets a ticket.**  
This is a conditional statement:  
**If P (parked illegally), then Q (gets a ticket).**  

In logical terms:  
P → Q  

To test whether the rule is being followed, we need to check for violations.  
A violation occurs when P is true and Q is false (illegally parked but no ticket).  

---

**Cards given:**  
1. **No ticket** → This is ¬Q (not gets ticket).  
   We must check if P is true (illegally parked) for this card. If yes, rule broken. So we must turn it over.  

2. **Legal parking** → This is ¬P (not illegally parked).  
   P is false, so the rule P → Q is automatically true regardless of Q. No need to check.  

3. **Gets ticket** → This is Q (gets ticket).  
   P could be true or false; if P is false and Q is true, rule still holds. No violation possible here.  

4. **Illegal parking** → This is P (illegally parked).  
   We must check if Q is true (gets ticket). If not, rule broken. So we must turn it over.  

---

**Cards to turn over:**  
- **No ticket** (to see if parked illegally)  
- **Illegal parking** (to see if gets ticket)  

---

ANSWER: No ticket, Illegal parking","['No ticket', 'Illegal parking']","['P', 'not_Q']",CORRECT,86,326,0
44,T45,4,440046,"If a car is Parked illegally, it gets a Ticket.","Rule: ""If a car is Parked illegally, it gets a Ticket.""
Cards: ['No ticket', 'Illegal parking', 'Legal parking', 'Gets ticket']

Which cards must you turn over?
Your answer:","['No ticket', 'Illegal parking', 'Legal parking', 'Gets ticket']","Let’s break this down.  

The rule is:  
**If a car is parked illegally, then it gets a ticket.**  
This is a conditional statement:  
**If P (parked illegally), then Q (gets a ticket).**  

In logic terms:  
P → Q  

To test whether the rule is being followed, we need to check for violations.  
A violation occurs when **P is true and Q is false** (i.e., parked illegally but no ticket).  

So we must check:  
1. **Cards where P is true** (parked illegally) → must verify Q is true (gets ticket).  
2. **Cards where Q is false** (no ticket) → must verify P is false (not parked illegally).  

---

**Cards given:**  
- **No ticket** → This is ¬Q (Q false). Must check that P is false (not parked illegally).  
- **Illegal parking** → This is P (true). Must check that Q is true (gets ticket).  
- **Legal parking** → This is ¬P (P false). No need to check because if P is false, rule is not violated regardless of Q.  
- **Gets ticket** → This is Q (true). No need to check because if Q is true, rule is not violated regardless of P.  

---

**Must turn over:**  
1. **Illegal parking** (to see if it gets ticket)  
2. **No ticket** (to see if it was parked illegally)  

---

ANSWER: Illegal parking, No ticket","['Illegal parking', 'No ticket']","['P', 'not_Q']",CORRECT,86,327,0
45,T46,0,450042,"If you enter a Museum, you must buy a Ticket.","Rule: ""If you enter a Museum, you must buy a Ticket.""
Cards: ['Passing by', 'No ticket', 'Has ticket', 'Entering museum']

Which cards must you turn over?
Your answer:","['Passing by', 'No ticket', 'Has ticket', 'Entering museum']","Let's break down the rule and the cards step by step.

**Rule:** ""If you enter a Museum, you must buy a Ticket.""  
This is a conditional statement of the form:  
If **P** (enter museum), then **Q** (must buy ticket).  
Logically: **P → Q**

For a conditional rule in a ""must turn over"" task (like Wason selection task), we need to check two types of violations:

1. **Cases where P is true but Q is false** → check cards with P true to see if Q is false.
2. **Cases where Q is false but P is true** → check cards with Q false to see if P is true.

**Cards:**  
- 'Passing by' → This describes **not entering museum** (¬P).  
- 'No ticket' → This describes **did not buy ticket** (¬Q).  
- 'Has ticket' → This describes **bought ticket** (Q).  
- 'Entering museum' → This describes **entering museum** (P).

---

**Step-by-step reasoning:**

We want to find cards that could violate **P → Q**.

Violation means: **P true AND Q false**.  
So, we need to check:

- **Cards with P true** ('Entering museum') → must verify if Q is false (no ticket). Turning this card over could show ""No ticket"", which violates the rule. So 'Entering museum' must be turned over.  
- **Cards with Q false** ('No ticket') → must verify if P is true (entering museum). Turning this card over could show ""Entering museum"", which violates the rule. So 'No ticket' must be turned over.

---

**Cards that don't need to be turned over:**

- 'Passing by' (¬P): Even if Q is false or true, rule only applies if P true. No violation possible here because P is false.  
- 'Has ticket' (Q): Even if P is true, Q is true, so no violation. Also if P is false, rule isn't violated. So not necessary to check.

---

**Conclusion:**  
Only cards 'Entering museum' and 'No ticket' must be turned over to check for violations.

---

ANSWER: Entering museum, No ticket","['Entering museum', 'No ticket']","['P', 'not_Q']",CORRECT,85,481,0
45,T46,1,450043,"If you enter a Museum, you must buy a Ticket.","Rule: ""If you enter a Museum, you must buy a Ticket.""
Cards: ['Has ticket', 'Passing by', 'No ticket', 'Entering museum']

Which cards must you turn over?
Your answer:","['Has ticket', 'Passing by', 'No ticket', 'Entering museum']","Let’s break this down.  

The rule is:  
**If you enter a Museum, you must buy a Ticket.**  

In logical terms:  
- Let \( P \) = ""Entering museum""  
- Let \( Q \) = ""Has ticket""  
Rule: \( P \rightarrow Q \) (If P then Q)  

To check violations of \( P \rightarrow Q \), we look for:  
1. **Cases where \( P \) is true but \( Q \) is false** → ""Entering museum"" and ""No ticket"" would violate.  
2. We do **not** need to check cases where \( P \) is false (not entering museum) — rule says nothing about them.  
3. We do **not** need to check cases where \( Q \) is true (has ticket) — they could be entering or not, but no violation.  

So for the cards:  

- **Has ticket** → \( Q \) true → no need to check (even if entering museum, rule is satisfied).  
- **Passing by** → \( P \) false → no need to check.  
- **No ticket** → \( Q \) false → must check if \( P \) is true (entering museum). If they are entering museum, that violates the rule. So we must turn this card to see if they are entering museum.  
- **Entering museum** → \( P \) true → must check if \( Q \) is true (has ticket). If they have no ticket, that violates. So we must turn this card to see if they have a ticket.  

Thus, the cards to turn over are: **Entering museum** and **No ticket**.  

ANSWER: Entering museum, No ticket","['Entering museum', 'No ticket']","['P', 'not_Q']",CORRECT,85,358,0
45,T46,2,450044,"If you enter a Museum, you must buy a Ticket.","Rule: ""If you enter a Museum, you must buy a Ticket.""
Cards: ['Has ticket', 'Entering museum', 'Passing by', 'No ticket']

Which cards must you turn over?
Your answer:","['Has ticket', 'Entering museum', 'Passing by', 'No ticket']","Let’s break this down.  

The rule is:  
**If you enter a Museum, you must buy a Ticket.**  

In logical terms:  
Let \( E \) = ""Entering museum""  
Let \( T \) = ""Has ticket""  

Rule: \( E \rightarrow T \)  
(If \( E \) is true, then \( T \) must be true.)  

Contrapositive: \( \neg T \rightarrow \neg E \)  
(If you do not have a ticket, then you must not be entering the museum.)  

We need to check violations:  
1. **Entering museum** (\( E \) true) but **not having a ticket** (\( T \) false) → violates rule.  
2. **Not having a ticket** (\( \neg T \) true) but **entering museum** (\( E \) true) → same as above.  

The cards:  
- **Has ticket** → \( T \) true → no need to check, because rule only says what happens if \( E \) true, not if \( T \) false alone.  
- **Entering museum** → \( E \) true → must check other side for \( T \) false.  
- **Passing by** → \( \neg E \) true → no need to check, because rule doesn’t restrict when not entering.  
- **No ticket** → \( \neg T \) true → must check other side for \( E \) true.  

So we must turn over:  
1. **Entering museum** (to ensure other side is not ""No ticket"")  
2. **No ticket** (to ensure other side is not ""Entering museum"")  

ANSWER: Entering museum, No ticket","['Entering museum', 'No ticket']","['P', 'not_Q']",CORRECT,85,353,0
45,T46,3,450045,"If you enter a Museum, you must buy a Ticket.","Rule: ""If you enter a Museum, you must buy a Ticket.""
Cards: ['Entering museum', 'Has ticket', 'Passing by', 'No ticket']

Which cards must you turn over?
Your answer:","['Entering museum', 'Has ticket', 'Passing by', 'No ticket']","Let’s break this down.  

The rule is:  
**If you enter a Museum, you must buy a Ticket.**  

In logical form:  
If **P** (enter a museum), then **Q** (must buy a ticket).  
P → Q  

The contrapositive is:  
If not Q (did not buy a ticket), then not P (did not enter a museum).  

We need to check for violations.  
A violation occurs when **P is true and Q is false** (enter museum, but no ticket).  

We have four cards:  

1. **Entering museum** → P is true.  
   Must check Q: is there a ticket? If Q is false, rule broken. So must turn this card.  

2. **Has ticket** → Q is true.  
   Does not test the rule directly — could still have entered museum (P true, Q true, okay) or not entered (P false, Q true, irrelevant). No violation possible from Q true alone. So no need to turn.  

3. **Passing by** → P is false.  
   Rule only says what happens if P true. If P false, rule doesn’t apply. So no need to turn.  

4. **No ticket** → Q is false.  
   If Q false, we must check P: if P true (entered museum), rule broken. So must turn this card.  

Cards to turn: **Entering museum** (P true) and **No ticket** (Q false).  

ANSWER: Entering museum, No ticket","['Entering museum', 'No ticket']","['P', 'not_Q']",CORRECT,85,330,0
45,T46,4,450046,"If you enter a Museum, you must buy a Ticket.","Rule: ""If you enter a Museum, you must buy a Ticket.""
Cards: ['No ticket', 'Entering museum', 'Has ticket', 'Passing by']

Which cards must you turn over?
Your answer:","['No ticket', 'Entering museum', 'Has ticket', 'Passing by']","Let’s break this down.  

The rule is:  
**If you enter a Museum, you must buy a Ticket.**  
This is a conditional statement:  
If P (enter a museum), then Q (must buy a ticket).  
In logic: \( P \rightarrow Q \)  

---

**Step 1 – Identify P and Q**  
- P = ""Entering museum""  
- Q = ""Must buy a ticket"" (or ""Has ticket"" in the card context)  

---

**Step 2 – Understand what cards represent**  
We have four cards:  
1. **No ticket** → This is \(\neg Q\) (not having a ticket)  
2. **Entering museum** → This is \(P\)  
3. **Has ticket** → This is \(Q\)  
4. **Passing by** → This is \(\neg P\) (not entering museum)  

---

**Step 3 – Determine which cards to turn over**  
For \(P \rightarrow Q\), the only way the rule can be broken is if \(P\) is true and \(Q\) is false.  
So we must check:  
- Any card where \(P\) is true (to ensure \(Q\) is true) → **Card 2: Entering museum**  
- Any card where \(Q\) is false (to ensure \(P\) is false) → **Card 1: No ticket**  

Cards where \(Q\) is true (Has ticket) don’t violate the rule regardless of \(P\).  
Cards where \(P\) is false (Passing by) don’t violate the rule regardless of \(Q\).  

---

**Step 4 – Conclusion**  
We must turn over:  
1. **Entering museum** (to check if they have a ticket)  
2. **No ticket** (to check if they are entering a museum)  

---

ANSWER: Entering museum, No ticket","['Entering museum', 'No ticket']","['P', 'not_Q']",CORRECT,85,399,0
46,T47,0,460042,"If you sign a Contract, you must honor its Terms.","Rule: ""If you sign a Contract, you must honor its Terms.""
Cards: ['Breaks terms', 'Verbal agreement', 'Signed contract', 'Honors terms']

Which cards must you turn over?
Your answer:","['Breaks terms', 'Verbal agreement', 'Signed contract', 'Honors terms']","Let’s go step by step.

**Rule interpretation:**  
The rule is: ""If you sign a Contract, you must honor its Terms.""  
This is a conditional statement of the form:  
**If P (sign a contract), then Q (honor its terms).**  

In logical terms: P → Q.

**Testing cards:**  
We want to check violations of the rule.  
Violations occur when **P is true but Q is false** (i.e., someone signed a contract but did not honor the terms).  
We also do **not** need to check cases where **P is false** (no contract signed) — rule doesn’t apply.

The four cards:

1. **Breaks terms** → This describes the “Q” part: not honoring terms (Q is false).  
   We need to check the other side (P) to see if P is true (i.e., signed a contract). If P is true on the other side, that’s a violation. So we must turn this card.

2. **Verbal agreement** → This means no signed contract (P is false).  
   The rule says nothing about what happens when P is false, so we don’t need to check this card (no violation possible from the rule’s perspective).

3. **Signed contract** → This is P (true).  
   We need to check the other side (Q) to see if terms are honored (Q true) or not (Q false). If Q is false, it’s a violation. So we must turn this card.

4. **Honors terms** → This is Q (true).  
   Even if Q is true, if P is false (no contract), rule is irrelevant; if P is true (contract signed), then Q is true, so rule is satisfied. No violation here regardless of P, so we don’t need to turn this card.

**Conclusion:**  
Cards to turn over are **“Breaks terms”** and **“Signed contract”**.

ANSWER: Breaks terms, Signed contract","['Breaks terms', 'Signed contract']","['P', 'not_Q']",CORRECT,86,428,0
46,T47,1,460043,"If you sign a Contract, you must honor its Terms.","Rule: ""If you sign a Contract, you must honor its Terms.""
Cards: ['Honors terms', 'Breaks terms', 'Verbal agreement', 'Signed contract']

Which cards must you turn over?
Your answer:","['Honors terms', 'Breaks terms', 'Verbal agreement', 'Signed contract']","Let’s break this down.  

The rule is:  
> If you sign a Contract, you must honor its Terms.  

In logic terms:  
- Let \( P \) = ""sign a Contract""  
- Let \( Q \) = ""honor its Terms""  
Rule: \( P \rightarrow Q \)  

To check violations, we look for cases where \( P \) is true but \( Q \) is false.  
That means we must check:  
1. Cards where \( P \) is true (sign a contract) → to make sure \( Q \) is true.  
2. Cards where \( Q \) is false (not honor terms) → to make sure \( P \) is false.  

---

**Cards given:**  
- Honors terms → \( Q \) true → no need to check (rule doesn’t require anything if \( Q \) is true).  
- Breaks terms → \( Q \) false → must check if \( P \) is true (did they sign a contract?).  
- Verbal agreement → \( P \) false (not a signed contract) → no need to check (rule says nothing about when \( P \) is false).  
- Signed contract → \( P \) true → must check if \( Q \) is true (are they honoring terms?).  

---

**Must turn over:**  
1. Signed contract (check \( Q \))  
2. Breaks terms (check \( P \))  

---

ANSWER: Signed contract, Breaks terms","['Signed contract', 'Breaks terms']","['P', 'not_Q']",CORRECT,86,301,0
46,T47,2,460044,"If you sign a Contract, you must honor its Terms.","Rule: ""If you sign a Contract, you must honor its Terms.""
Cards: ['Signed contract', 'Breaks terms', 'Verbal agreement', 'Honors terms']

Which cards must you turn over?
Your answer:","['Signed contract', 'Breaks terms', 'Verbal agreement', 'Honors terms']","Let’s break this down.  

The rule is:  
> If you sign a Contract, you must honor its Terms.  

In logic terms:  
- Let \( P \) = ""sign a Contract""  
- Let \( Q \) = ""honor its Terms""  
Rule: \( P \rightarrow Q \)  

To check violations, we look for cases where \( P \) is true and \( Q \) is false.  
That means we must check:  
1. **Cards where \( P \) is true** (sign a contract) → must verify \( Q \) is true (honor terms).  
2. **Cards where \( Q \) is false** (not honor terms) → must verify \( P \) is false (did not sign contract).  

---

**Cards given:**  
- **Signed contract** → \( P \) is true → must check if honors terms.  
- **Breaks terms** → \( Q \) is false → must check if signed contract.  
- **Verbal agreement** → \( P \) is false → no need to check \( Q \) (rule only applies if \( P \) true).  
- **Honors terms** → \( Q \) is true → no need to check \( P \) (rule not violated if \( Q \) true regardless of \( P \)).  

---

**Must turn over:**  
1. **Signed contract** (to ensure honors terms)  
2. **Breaks terms** (to ensure did not sign contract)  

---

ANSWER: Signed contract, Breaks terms","['Signed contract', 'Breaks terms']","['P', 'not_Q']",CORRECT,86,314,0
46,T47,3,460045,"If you sign a Contract, you must honor its Terms.","Rule: ""If you sign a Contract, you must honor its Terms.""
Cards: ['Breaks terms', 'Honors terms', 'Verbal agreement', 'Signed contract']

Which cards must you turn over?
Your answer:","['Breaks terms', 'Honors terms', 'Verbal agreement', 'Signed contract']","Let’s break this down.  

The rule is:  
> If you sign a Contract, you must honor its Terms.  

In logic terms:  
- Let \( P \) = ""you sign a contract""  
- Let \( Q \) = ""you honor its terms""  
Rule: \( P \rightarrow Q \)  

To check violations of \( P \rightarrow Q \), we look for:  
1. \( P \land \neg Q \) — i.e., signed contract but not honoring terms.  

Given cards:  
1. **Breaks terms** → This means ""not honoring terms"" (\(\neg Q\)).  
   We don’t know if they signed a contract (\(P\) or \(\neg P\)).  
   If they signed a contract (\(P\)) and this card says ""Breaks terms"" (\(\neg Q\)), that violates the rule.  
   So we must check if they signed a contract — i.e., turn this card to see if \(P\) is true.  

2. **Honors terms** → This means \(Q\).  
   The rule \(P \rightarrow Q\) is not violated if \(Q\) is true, regardless of \(P\).  
   So no need to check.  

3. **Verbal agreement** → This means no signed contract (\(\neg P\)).  
   The rule \(P \rightarrow Q\) only applies if \(P\) is true. If \(P\) is false, rule is not violated regardless of \(Q\).  
   So no need to check.  

4. **Signed contract** → This means \(P\).  
   We must check if they honored terms (\(Q\)). If they didn’t, rule is violated.  
   So turn this card to see if \(Q\) is true.  

Thus, we must turn over:  
- **Breaks terms** (to check if they signed a contract)  
- **Signed contract** (to check if they honored terms)  

ANSWER: Breaks terms, Signed contract","['Breaks terms', 'Signed contract']","['P', 'not_Q']",CORRECT,86,408,0
46,T47,4,460046,"If you sign a Contract, you must honor its Terms.","Rule: ""If you sign a Contract, you must honor its Terms.""
Cards: ['Breaks terms', 'Honors terms', 'Signed contract', 'Verbal agreement']

Which cards must you turn over?
Your answer:","['Breaks terms', 'Honors terms', 'Signed contract', 'Verbal agreement']","Let’s break this down.  

The rule is:  
**If you sign a Contract, you must honor its Terms.**  

In logic terms:  
- Let \( P \) = ""sign a contract""  
- Let \( Q \) = ""honor its terms""  
Rule: \( P \rightarrow Q \)  

To check violations of \( P \rightarrow Q \), we look for:  
1. \( P \) true and \( Q \) false (sign contract but not honor terms) — this violates the rule.  
2. Other cases (\( \neg P \), or \( Q \) true) do not violate the rule.  

Cards given:  
1. **Breaks terms** → This means \( Q \) is false.  
   To see if rule is violated, we must check if \( P \) is true (signed contract). If the person signed, it’s a violation. So we must check the other side of this card to see if they signed a contract.  

2. **Honors terms** → \( Q \) true.  
   Rule is \( P \rightarrow Q \). If \( Q \) is true, rule is satisfied regardless of \( P \). No need to check \( P \).  

3. **Signed contract** → \( P \) true.  
   Rule says if \( P \) true, \( Q \) must be true. So we must check other side to see if they honored terms. If they didn’t, it’s a violation.  

4. **Verbal agreement** → This means \( \neg P \) (did not sign a contract).  
   Rule only applies if \( P \) true, so no need to check \( Q \).  

So we must turn over:  
- **Breaks terms** (to check if signed contract)  
- **Signed contract** (to check if honors terms)  

ANSWER: Breaks terms, Signed contract","['Breaks terms', 'Signed contract']","['P', 'not_Q']",CORRECT,86,393,0
47,T48,0,470042,"If a child is in a Car, they must wear a Seatbelt.","Rule: ""If a child is in a Car, they must wear a Seatbelt.""
Cards: ['Adult in car', 'Child in car', 'No seatbelt', 'Seatbelt on']

Which cards must you turn over?
Your answer:","['Adult in car', 'Child in car', 'No seatbelt', 'Seatbelt on']","Let’s break this down.  

The rule is:  
**If a child is in a car, they must wear a seatbelt.**  
In logical form:  
If **Child in car** → **Seatbelt on**.  

We have four cards:  

1. **Adult in car**  
2. **Child in car**  
3. **No seatbelt**  
4. **Seatbelt on**  

We need to check only the cards that could violate the rule.  

---

**Step 1 – Identify the logical statement and its contrapositive**  
Statement: Child in car → Seatbelt on.  
Contrapositive: Not Seatbelt on → Not Child in car.  

---

**Step 2 – Determine which cards to turn to test the rule**  
We check possible violations:  

- **Violation 1:** Child in car **and** No seatbelt.  
  So we must check **Child in car** card to see if the back shows “No seatbelt.”  
  → Turn **Child in car**.  

- **Violation 2:** No seatbelt **and** Child in car (contrapositive check).  
  So we must check **No seatbelt** card to see if the back shows “Child in car.”  
  → Turn **No seatbelt**.  

---

**Step 3 – Check irrelevant cards**  

- **Adult in car**:  
  Rule only applies to children. Adult in car doesn’t require seatbelt by this rule, so no violation possible here.  
  → Don’t turn.  

- **Seatbelt on**:  
  If someone has seatbelt on, they could be a child (allowed) or an adult (irrelevant). No violation, because rule doesn’t say “if seatbelt on, must be child.”  
  → Don’t turn.  

---

**Step 4 – Conclusion**  
Cards to turn: **Child in car** and **No seatbelt**.  

---

ANSWER: Child in car, No seatbelt","['Child in car', 'No seatbelt']","['P', 'not_Q']",CORRECT,91,420,0
47,T48,1,470043,"If a child is in a Car, they must wear a Seatbelt.","Rule: ""If a child is in a Car, they must wear a Seatbelt.""
Cards: ['Adult in car', 'Child in car', 'Seatbelt on', 'No seatbelt']

Which cards must you turn over?
Your answer:","['Adult in car', 'Child in car', 'Seatbelt on', 'No seatbelt']","Let’s break this down.  

The rule is:  
**If a child is in a car, they must wear a seatbelt.**  

In logical form:  
If **Child in car** → **Seatbelt on**.  

We have four cards:  
1. Adult in car  
2. Child in car  
3. Seatbelt on  
4. No seatbelt  

We need to check only violations of the rule.  
A violation occurs when the **if** part is true but the **then** part is false.  

That means:  
- **Child in car** (if true, must check seatbelt is on) → must turn this card.  
- **No seatbelt** (if true, must check if it’s a child) → must turn this card.  

Other cards:  
- **Adult in car**: The rule says nothing about adults, so even if they have no seatbelt, it doesn’t violate this specific rule.  
- **Seatbelt on**: If seatbelt is on, rule is satisfied regardless of who it is, so no need to check.  

So we must turn over: **Child in car** and **No seatbelt**.  

ANSWER: Child in car, No seatbelt","['Child in car', 'No seatbelt']","['P', 'not_Q']",CORRECT,91,257,0
47,T48,2,470044,"If a child is in a Car, they must wear a Seatbelt.","Rule: ""If a child is in a Car, they must wear a Seatbelt.""
Cards: ['Adult in car', 'Seatbelt on', 'No seatbelt', 'Child in car']

Which cards must you turn over?
Your answer:","['Adult in car', 'Seatbelt on', 'No seatbelt', 'Child in car']","Let’s break this down.  

The rule is:  
**If a child is in a car, they must wear a seatbelt.**  
Logical form:  
If **P** (child in car), then **Q** (seatbelt on).  

We have four cards:  

1. **Adult in car** → This is **not P** (not a child in car).  
   - Rule only says what happens if P is true; if P is false, rule doesn’t apply.  
   - So no need to check this card.  

2. **Seatbelt on** → This is **Q** (seatbelt on).  
   - If Q is true, we don’t know if P is true or false; rule only requires that if P then Q, not that if Q then P.  
   - So no need to check this card.  

3. **No seatbelt** → This is **not Q** (seatbelt not on).  
   - If we see not Q, then P must be false to avoid violating the rule.  
   - We must check this card: if there’s a child in the car (P true), rule is broken.  

4. **Child in car** → This is **P** (child in car).  
   - If P is true, rule says Q must be true.  
   - We must check this card: if seatbelt is not on, rule is broken.  

So we must turn over:  
- **Child in car** (to check if seatbelt is on)  
- **No seatbelt** (to check if it’s a child)  

ANSWER: Child in car, No seatbelt","['Child in car', 'No seatbelt']","['P', 'not_Q']",CORRECT,91,354,0
47,T48,3,470045,"If a child is in a Car, they must wear a Seatbelt.","Rule: ""If a child is in a Car, they must wear a Seatbelt.""
Cards: ['No seatbelt', 'Adult in car', 'Seatbelt on', 'Child in car']

Which cards must you turn over?
Your answer:","['No seatbelt', 'Adult in car', 'Seatbelt on', 'Child in car']","Let’s break this down.  

The rule is:  
**If a child is in a car → they must wear a seatbelt.**  
Logical form: **If P (child in car) then Q (wear seatbelt).**  

---

**Step 1 – Identify what each card represents in logical terms:**  
- “No seatbelt” → **Not Q** (seatbelt not worn)  
- “Adult in car” → **Not P** (not a child in car)  
- “Seatbelt on” → **Q** (seatbelt worn)  
- “Child in car” → **P** (child in car)  

---

**Step 2 – Determine which cards must be checked to test the rule:**  
For “If P then Q”, the only way the rule can be broken is if **P is true and Q is false**.  
So we must check:  
1. **Cards where P is true** → to make sure Q is also true.  
   - That’s “Child in car” (P true). Turn it over to check if seatbelt is on.  
2. **Cards where Q is false** → to make sure P is false.  
   - That’s “No seatbelt” (Q false). Turn it over to check if it’s a child.  

---

**Step 3 – Check other cards:**  
- “Adult in car” (Not P): Even if they have no seatbelt, the rule is about children, so this doesn’t violate it. No need to check.  
- “Seatbelt on” (Q true): Rule says nothing about when seatbelt is on — could be adult or child, both fine. No need to check.  

---

**Step 4 – Conclusion:**  
Must turn over: **Child in car** and **No seatbelt**.  

---

ANSWER: Child in car, No seatbelt","['Child in car', 'No seatbelt']","['P', 'not_Q']",CORRECT,91,398,0
47,T48,4,470046,"If a child is in a Car, they must wear a Seatbelt.","Rule: ""If a child is in a Car, they must wear a Seatbelt.""
Cards: ['Child in car', 'Adult in car', 'Seatbelt on', 'No seatbelt']

Which cards must you turn over?
Your answer:","['Child in car', 'Adult in car', 'Seatbelt on', 'No seatbelt']","Let’s break this down.  

The rule:  
**“If a child is in a Car, they must wear a Seatbelt.”**  
In logical terms:  
If **Child in car** → **Seatbelt on**.  

We need to check possible violations of this rule by turning over cards.  

---

**Cards to check for violations:**  
We have four “cards” (representing situations):  

1. **Child in car**  
2. **Adult in car**  
3. **Seatbelt on**  
4. **No seatbelt**  

In a standard Wason selection task logic, we consider:  
- The antecedent (child in car) – if this is true, we must check whether the consequent (seatbelt on) is also true.  
- The consequent false (no seatbelt) – if we see this, we must check whether the antecedent is true (because if antecedent is true and consequent is false, rule is broken).  

---

**Step-by-step reasoning:**

1. **Child in car** → if this card shows “Child in car” is true (antecedent true), we must verify seatbelt is on, so we **must turn it over** to check the rule’s consequent on the other side.  
2. **Adult in car** → antecedent false (adult in car, not child), rule doesn’t apply. Turning it over is irrelevant to rule violation (no need).  
3. **Seatbelt on** → consequent true, but antecedent could be false (e.g., adult wearing seatbelt) – that’s okay. This doesn’t violate rule, so **no need to turn**.  
4. **No seatbelt** → consequent false. If antecedent (child in car) is true, rule is violated. So we **must turn** this card to see if a child is in the car.

---

**Therefore:**  
Turn over: **Child in car** and **No seatbelt**.  

---

ANSWER: Child in car, No seatbelt","['Child in car', 'No seatbelt']","['P', 'not_Q']",CORRECT,91,419,0
48,T49,0,480042,"If you enter a Hospital ward, you must wash your Hands.","Rule: ""If you enter a Hospital ward, you must wash your Hands.""
Cards: ['Hospital ward', 'Washed hands', 'Unwashed hands', 'Hospital lobby']

Which cards must you turn over?
Your answer:","['Hospital ward', 'Washed hands', 'Unwashed hands', 'Hospital lobby']","Let’s break this down.  

The rule is:  
**If you enter a Hospital ward, you must wash your Hands.**  

In logical terms:  
- **If P (enter Hospital ward), then Q (wash hands).**  
- Contrapositive: If not Q (not wash hands), then not P (not enter Hospital ward).  

We need to check for violations:  
A violation occurs when **P is true and Q is false** (someone entered the ward but did not wash hands).  

We have four cards:  

1. **Hospital ward** → This is **P true**. We must check the other side to see if Q is false (unwashed hands). If it is, that violates the rule. So we must turn this card.  
2. **Washed hands** → This is **Q true**. If Q is true, the rule is not violated regardless of P (entering ward or not). So no need to turn.  
3. **Unwashed hands** → This is **Q false**. If Q is false, we must check if P is true (entered ward). If P is true, that’s a violation. So we must turn this card.  
4. **Hospital lobby** → This is **P false** (not entering ward). If P is false, the rule says nothing about washing hands, so no violation possible. So no need to turn.  

Thus, we must turn: **Hospital ward** and **Unwashed hands**.  

ANSWER: Hospital ward, Unwashed hands","['Hospital ward', 'Unwashed hands']","['P', 'not_Q']",CORRECT,87,322,0
48,T49,1,480043,"If you enter a Hospital ward, you must wash your Hands.","Rule: ""If you enter a Hospital ward, you must wash your Hands.""
Cards: ['Unwashed hands', 'Washed hands', 'Hospital lobby', 'Hospital ward']

Which cards must you turn over?
Your answer:","['Unwashed hands', 'Washed hands', 'Hospital lobby', 'Hospital ward']","Let’s break this down.  

**Rule:**  
""If you enter a Hospital ward, you must wash your Hands.""  
Logical form:  
If P (enter a Hospital ward), then Q (wash your Hands).  
P → Q  

**Cards:**  
1. Unwashed hands → This is **not Q** (did not wash hands).  
2. Washed hands → This is **Q** (washed hands).  
3. Hospital lobby → This is **not P** (not a Hospital ward).  
4. Hospital ward → This is **P** (Hospital ward).  

**Checking each:**  
We need to test for violations of P → Q.  
Violation happens only when **P is true and Q is false**.  

- **Card 1: Unwashed hands (not Q)**  
  We must check: Is P true? If the person entered a Hospital ward, this would violate the rule.  
  So we need to see if this card’s other side says “Hospital ward.”  
  → Must turn over.  

- **Card 2: Washed hands (Q)**  
  If Q is true, rule is satisfied regardless of P. No violation possible.  
  → No need to turn over.  

- **Card 3: Hospital lobby (not P)**  
  If P is false, rule is irrelevant (no violation regardless of Q).  
  → No need to turn over.  

- **Card 4: Hospital ward (P)**  
  We must check: Is Q true? If hands are unwashed, rule is violated.  
  → Must turn over.  

**Cards to turn over:** Unwashed hands, Hospital ward.  

ANSWER: Unwashed hands, Hospital ward","['Unwashed hands', 'Hospital ward']","['P', 'not_Q']",CORRECT,87,365,0
48,T49,2,480044,"If you enter a Hospital ward, you must wash your Hands.","Rule: ""If you enter a Hospital ward, you must wash your Hands.""
Cards: ['Unwashed hands', 'Hospital lobby', 'Washed hands', 'Hospital ward']

Which cards must you turn over?
Your answer:","['Unwashed hands', 'Hospital lobby', 'Washed hands', 'Hospital ward']","Let’s break this down.  

The rule is:  
**If you enter a Hospital ward, you must wash your Hands.**  

This is a conditional statement:  
If **P** (enter a Hospital ward), then **Q** (wash your Hands).  

In logical terms:  
P → Q  

To check violations, we need to test:  
1. **P true and Q false** — someone entered a Hospital ward but did not wash hands.  
2. We do **not** need to check cases where P is false (did not enter a Hospital ward), because the rule says nothing about those.  

---

**Cards given:**  
- **Unwashed hands** → This is **Q false** (did not wash hands).  
  We must check if this person entered a Hospital ward (P true). If they did, it violates the rule. So we must turn this card to check P.  

- **Hospital lobby** → This is **not P** (entering a Hospital ward is P; lobby is not the ward).  
  P is false, so the rule does not apply. No need to check.  

- **Washed hands** → This is **Q true**.  
  If Q is true, the rule is satisfied regardless of P. No need to check.  

- **Hospital ward** → This is **P true**.  
  We must check if Q is true (washed hands). If not, it violates the rule. So we must turn this card to check Q.  

---

**Cards to turn over:**  
1. Hospital ward (to check if hands are washed)  
2. Unwashed hands (to check if they entered a Hospital ward)  

---

ANSWER: Hospital ward, Unwashed hands","['Hospital ward', 'Unwashed hands']","['P', 'not_Q']",CORRECT,87,364,0
48,T49,3,480045,"If you enter a Hospital ward, you must wash your Hands.","Rule: ""If you enter a Hospital ward, you must wash your Hands.""
Cards: ['Hospital ward', 'Hospital lobby', 'Washed hands', 'Unwashed hands']

Which cards must you turn over?
Your answer:","['Hospital ward', 'Hospital lobby', 'Washed hands', 'Unwashed hands']","Let’s break this down.  

The rule is:  
**If you enter a Hospital ward, you must wash your Hands.**  

In logical terms:  
- **If P (enter Hospital ward), then Q (wash hands).**  
- Contrapositive: If not Q (not wash hands), then not P (not enter Hospital ward).  

To check violations, we need to test:  
1. **P true, Q false** → entering Hospital ward but not washing hands → violates rule.  
2. **Q false, P true** is the same as above.  
3. **P false** (not entering Hospital ward) → rule doesn’t apply, so no violation regardless of Q.  
4. **Q true** (washed hands) → rule satisfied regardless of P.  

So we only need to check:  
- **Cards where P is true** (Hospital ward) → must verify Q is true.  
- **Cards where Q is false** (Unwashed hands) → must verify P is false.  

---

**Cards given:**  
1. **Hospital ward** → P true → must check if washed hands.  
2. **Hospital lobby** → P false → no need to check (rule doesn’t apply).  
3. **Washed hands** → Q true → no need to check (cannot violate rule).  
4. **Unwashed hands** → Q false → must check if P is true (i.e., if entered Hospital ward).  

---

**Cards to turn over:**  
- Hospital ward (to check if washed hands)  
- Unwashed hands (to check if entered Hospital ward)  

---

ANSWER: Hospital ward, Unwashed hands","['Hospital ward', 'Unwashed hands']","['P', 'not_Q']",CORRECT,87,353,0
48,T49,4,480046,"If you enter a Hospital ward, you must wash your Hands.","Rule: ""If you enter a Hospital ward, you must wash your Hands.""
Cards: ['Hospital lobby', 'Unwashed hands', 'Hospital ward', 'Washed hands']

Which cards must you turn over?
Your answer:","['Hospital lobby', 'Unwashed hands', 'Hospital ward', 'Washed hands']","Let’s break this down.  

The rule is:  
**If you enter a Hospital ward, you must wash your Hands.**  

This is logically:  
- If **Hospital ward** → then **Washed hands**  
Or: **Wash hands** is *required* when entering Hospital ward.  

In logic terms:  
- \( P \) = ""Enter Hospital ward""  
- \( Q \) = ""Wash hands""  
Rule: \( P \rightarrow Q \)  

---

To test whether the rule is being followed, we must check **only** cases that could violate it.  

Possible violations:  
1. **\( P \) true but \( Q \) false** (entered ward without washed hands) → need to check cards where \( P \) is true.  
2. **\( Q \) false but \( P \) unknown** — not needed, because the rule only applies when \( P \) is true. If \( P \) is false, rule doesn’t apply (no requirement).  

So we must turn over:  
- **Hospital ward** (to check if hands are washed — if they are not washed, rule is broken)  
- **Unwashed hands** (to check if this person entered Hospital ward — if they did, rule is broken)  

---

The cards are:  

1. **Hospital lobby** — not entering ward (\( P \) false), irrelevant.  
2. **Unwashed hands** — \( Q \) false, check if \( P \) true. Must turn over.  
3. **Hospital ward** — \( P \) true, check if \( Q \) true. Must turn over.  
4. **Washed hands** — \( Q \) true, even if \( P \) true, rule is satisfied; no need to check.  

---

**Must turn over**: Hospital ward, Unwashed hands.  

ANSWER: Hospital ward, Unwashed hands","['Hospital ward', 'Unwashed hands']","['P', 'not_Q']",CORRECT,87,392,0
49,T50,0,490042,"If a swimmer is in the Pool, they must wear a Swim cap.","Rule: ""If a swimmer is in the Pool, they must wear a Swim cap.""
Cards: ['No cap', 'Swim cap', 'On deck', 'In pool']

Which cards must you turn over?
Your answer:","['No cap', 'Swim cap', 'On deck', 'In pool']","Let’s break this down.  

The rule is:  
**If a swimmer is in the Pool, they must wear a Swim cap.**  

This is a conditional statement:  
If **P** (in pool) → **Q** (wear swim cap).  

Logically, the only way to violate this rule is if someone is **in the pool** but **not wearing a swim cap**.  
So we need to check cards that could possibly show this violation.  

---

**Cards given:**  
1. **No cap** → This means ""not wearing a swim cap"" (¬Q).  
   To violate the rule, we need P true and Q false. Here Q is false, so we must check if P is true for this card.  
   If the other side says ""In pool"", that’s a violation. So we must **turn this card**.  

2. **Swim cap** → This means Q is true.  
   If Q is true, the rule (P → Q) is automatically satisfied regardless of P (because if Q is true, P → Q is true).  
   So no need to check this card.  

3. **On deck** → This means ""not in the pool"" (¬P).  
   If P is false, the rule (P → Q) is automatically true regardless of Q.  
   So no need to check this card.  

4. **In pool** → This means P is true.  
   For the rule to hold, Q must be true. So we must check if Q is true for this card.  
   If the other side says ""No cap"", that’s a violation. So we must **turn this card**.  

---

**Cards to turn over:**  
- No cap (to ensure not ""In pool"" on other side)  
- In pool (to ensure not ""No cap"" on other side)  

---

ANSWER: No cap, In pool","['No cap', 'In pool']","['P', 'not_Q']",CORRECT,88,403,0
49,T50,1,490043,"If a swimmer is in the Pool, they must wear a Swim cap.","Rule: ""If a swimmer is in the Pool, they must wear a Swim cap.""
Cards: ['On deck', 'No cap', 'In pool', 'Swim cap']

Which cards must you turn over?
Your answer:","['On deck', 'No cap', 'In pool', 'Swim cap']","Let’s break this down.  

The rule is:  
**If a swimmer is in the Pool, they must wear a Swim cap.**  

In logical terms:  
Let \( P \) = ""In pool""  
Let \( Q \) = ""Wear a swim cap""  

Rule: \( P \rightarrow Q \)  

To check violations, we need to find cases where \( P \) is true but \( Q \) is false.  
That means we must check:  
1. Cards where \( P \) is true (In pool) → must verify \( Q \) is true.  
2. Cards where \( Q \) is false (No cap) → must verify \( P \) is false.  

---

**Cards given:**  
- **On deck** → This is not ""In pool"" (\( \neg P \)), so rule doesn’t require anything about cap. No need to check.  
- **No cap** → This is \( \neg Q \). Must check that \( P \) is false (not ""In pool"").  
- **In pool** → This is \( P \). Must check that \( Q \) is true (wearing cap).  
- **Swim cap** → This is \( Q \). If \( Q \) is true, rule doesn’t tell us about \( P \) (could be in pool or not). No need to check.  

---

**Cards to turn over:**  
1. **In pool** (to check if wearing cap)  
2. **No cap** (to check if not in pool)  

---

ANSWER: In pool, No cap","['In pool', 'No cap']","['P', 'not_Q']",CORRECT,88,330,0
49,T50,2,490044,"If a swimmer is in the Pool, they must wear a Swim cap.","Rule: ""If a swimmer is in the Pool, they must wear a Swim cap.""
Cards: ['Swim cap', 'On deck', 'No cap', 'In pool']

Which cards must you turn over?
Your answer:","['Swim cap', 'On deck', 'No cap', 'In pool']","Let’s break this down.  

The rule is:  
**If a swimmer is in the Pool, they must wear a Swim cap.**  

In logical terms:  
Let \( P \) = ""swimmer is in the Pool""  
Let \( Q \) = ""swimmer wears a Swim cap""  

Rule: \( P \rightarrow Q \) (If P, then Q)  

To check violations, we need to find cases where \( P \) is true but \( Q \) is false.  
That means we must check:  
1. Cards where \( P \) is true (In pool) → must verify \( Q \) is true (Swim cap).  
2. Cards where \( Q \) is false (No cap) → must verify \( P \) is false (not In pool).  

---

**Cards given:**  
- **Swim cap** → This is \( Q \) true. No need to check because \( Q \) true doesn’t violate \( P \rightarrow Q \) regardless of \( P \).  
- **On deck** → This is \( P \) false (not In pool). No need to check because \( P \) false doesn’t violate the rule regardless of \( Q \).  
- **No cap** → This is \( Q \) false. Must check that \( P \) is false (i.e., not In pool).  
- **In pool** → This is \( P \) true. Must check that \( Q \) is true (i.e., Swim cap).  

---

**Cards to turn over:**  
1. **In pool** (to check if wearing Swim cap)  
2. **No cap** (to check if not In pool)  

---

ANSWER: In pool, No cap","['In pool', 'No cap']","['P', 'not_Q']",CORRECT,88,354,0
49,T50,3,490045,"If a swimmer is in the Pool, they must wear a Swim cap.","Rule: ""If a swimmer is in the Pool, they must wear a Swim cap.""
Cards: ['In pool', 'On deck', 'Swim cap', 'No cap']

Which cards must you turn over?
Your answer:","['In pool', 'On deck', 'Swim cap', 'No cap']","Let’s break this down.  

The rule is:  
**If a swimmer is in the Pool, they must wear a Swim cap.**  

This is a conditional statement:  
If **P** (in pool) → **Q** (wear swim cap).  

In logic, to check if the rule is being followed, we must test:  
1. **Cards where P is true** → must check Q is true.  
2. **Cards where Q is false** → must check P is false (because if Q is false and P is true, the rule is broken).  

---

**Cards given:**  
- **In pool** → P is true → must check if wearing swim cap.  
- **On deck** → P is false → no requirement under the rule (if not in pool, cap or no cap doesn’t matter).  
- **Swim cap** → Q is true → no need to check P (Q true doesn’t violate the rule regardless of P).  
- **No cap** → Q is false → must check if P is true (if in pool, rule broken).  

---

**Which to turn over:**  
- **In pool** (P true) → must check other side for Q (swim cap or not).  
- **No cap** (Q false) → must check other side for P (in pool or not).  

On deck and Swim cap do not risk breaking the rule.  

---

ANSWER: In pool, No cap","['In pool', 'No cap']","['P', 'not_Q']",CORRECT,88,308,0
49,T50,4,490046,"If a swimmer is in the Pool, they must wear a Swim cap.","Rule: ""If a swimmer is in the Pool, they must wear a Swim cap.""
Cards: ['On deck', 'Swim cap', 'In pool', 'No cap']

Which cards must you turn over?
Your answer:","['On deck', 'Swim cap', 'In pool', 'No cap']","Let’s break this down.  

The rule is:  
**If a swimmer is in the Pool, they must wear a Swim cap.**  

This is a conditional statement:  
If **P** (in pool) → **Q** (wear swim cap).  

Logically, to check violations, we need to test:  
1. **Cards where P is true** → must check Q is true.  
2. **Cards where Q is false** → must check P is false.  

---

**Cards given:**  
- **On deck** → This is **not** ""in pool"" (P is false). No need to check for rule violation from P → Q perspective.  
- **Swim cap** → This is ""wearing swim cap"" (Q is true). Q true doesn’t violate the rule regardless of P.  
- **In pool** → This is P true. Must check other side for Q (must be wearing swim cap).  
- **No cap** → This is Q false. Must check other side for P (must not be in pool).  

---

**Which to turn over:**  
- **In pool** (to check if wearing swim cap)  
- **No cap** (to check if in pool)  

The others:  
- **On deck** → P false, rule not violated regardless of Q.  
- **Swim cap** → Q true, rule not violated regardless of P.  

---

ANSWER: In pool, No cap","['In pool', 'No cap']","['P', 'not_Q']",CORRECT,88,308,0
50,T51,0,500042,"If you want to Vote, you must be Registered.","Rule: ""If you want to Vote, you must be Registered.""
Cards: ['Unregistered', 'Registered', 'Wants to vote', 'Not voting']

Which cards must you turn over?
Your answer:","['Unregistered', 'Registered', 'Wants to vote', 'Not voting']","Let’s break this down.  

The rule is:  
**""If you want to Vote, you must be Registered.""**  
In logical form:  
- If **Wants to vote** → **must be Registered**.  
- Contrapositive: If **not Registered** → **must not want to vote**.  

We have four cards:  
1. **Unregistered** (not Registered)  
2. **Registered**  
3. **Wants to vote**  
4. **Not voting** (does not want to vote)  

We need to check only the cards that could violate the rule.  

---

**Step 1 – Identify possible violations of ""If Wants to vote → Registered"":**  
- Violation 1: Someone **wants to vote** but is **not Registered**.  
- Violation 2: Someone **not Registered** but **wants to vote** (same as above, but from contrapositive).  

---

**Step 2 – Check each card:**  

**Card 1: Unregistered**  
- If this person **wants to vote**, that violates the rule.  
- We must check the other side to see if they want to vote.  
- **Must turn over** to see if they want to vote.  

**Card 2: Registered**  
- Rule says: If they want to vote, they must be registered.  
- If they are registered, they could still be following the rule even if they want to vote.  
- Also, they could not want to vote and still be registered — no violation.  
- So **no need to turn over** — being registered doesn’t break the rule regardless of the other side.  

**Card 3: Wants to vote**  
- Rule says: If they want to vote, they must be registered.  
- We must check if they are registered.  
- **Must turn over** to see if they are registered.  

**Card 4: Not voting**  
- This means they do **not** want to vote.  
- Rule only applies if they want to vote.  
- If they don’t want to vote, rule is irrelevant — no violation possible.  
- **No need to turn over**.  

---

**Step 3 – Conclusion:**  
Must turn over: **Unregistered** and **Wants to vote**.  

---

ANSWER: Unregistered, Wants to vote","['Unregistered', 'Wants to vote']","['P', 'not_Q']",CORRECT,83,498,0
50,T51,1,500043,"If you want to Vote, you must be Registered.","Rule: ""If you want to Vote, you must be Registered.""
Cards: ['Not voting', 'Unregistered', 'Registered', 'Wants to vote']

Which cards must you turn over?
Your answer:","['Not voting', 'Unregistered', 'Registered', 'Wants to vote']","Let’s break this down.  

The rule is:  
**If you want to Vote, you must be Registered.**  
In logical form:  
If **Wants to vote** → **Registered**.  

This is a conditional statement:  
- **Antecedent (P)**: Wants to vote  
- **Consequent (Q)**: Registered  

To check violations, we need to find cases where **P is true but Q is false** (i.e., wants to vote but not registered).  

---

**Cards given:**  
1. **Not voting** → This is **not P** (doesn’t want to vote). No need to check because the rule only applies if they want to vote.  
2. **Unregistered** → This is **not Q** (not registered). We only care if this card also has **P true** (wants to vote). So we must check this card to see if they want to vote.  
3. **Registered** → This is **Q true**. The rule says nothing about people who are registered but don’t want to vote, so no violation possible here.  
4. **Wants to vote** → This is **P true**. We must check this card to see if they are registered.  

---

**Cards to turn over:**  
- **Wants to vote** (to check if registered)  
- **Unregistered** (to check if they want to vote)  

---

ANSWER: Wants to vote, Unregistered","['Wants to vote', 'Unregistered']","['P', 'not_Q']",CORRECT,83,311,0
50,T51,2,500044,"If you want to Vote, you must be Registered.","Rule: ""If you want to Vote, you must be Registered.""
Cards: ['Registered', 'Not voting', 'Wants to vote', 'Unregistered']

Which cards must you turn over?
Your answer:","['Registered', 'Not voting', 'Wants to vote', 'Unregistered']","Let’s break this down.  

The rule is:  
**""If you want to Vote, you must be Registered.""**  
This can be written in logic as:  
If **Wants to vote** → **Registered**.  

We are checking for violations of this rule.  
A violation occurs when someone **wants to vote** but is **not registered**.  

We have four cards:  
1. **Registered**  
2. **Not voting**  
3. **Wants to vote**  
4. **Unregistered**  

We need to check only the cards that could possibly show a violation.  

---

**Step 1 – Identify antecedent and consequent**  
Antecedent (P): Wants to vote  
Consequent (Q): Registered  

Violation: P true and Q false → Wants to vote & Not registered.  

---

**Step 2 – Check each card**  

- **Card 1: Registered**  
  This shows Q is true.  
  If Q is true, the rule is not violated regardless of P.  
  So we don’t need to check the other side of this card.  
  → **No need to turn**.  

- **Card 2: Not voting**  
  This shows P is false (does not want to vote).  
  If P is false, the rule is not violated regardless of Q.  
  → **No need to turn**.  

- **Card 3: Wants to vote**  
  This shows P is true.  
  If P is true, we must check Q (Registered) on the other side to ensure Q is true.  
  If the other side says ""Unregistered"", that’s a violation.  
  → **Must turn**.  

- **Card 4: Unregistered**  
  This shows Q is false.  
  If Q is false, we must check P (Wants to vote) on the other side.  
  If the other side says ""Wants to vote"", that’s a violation.  
  → **Must turn**.  

---

**Step 3 – Conclusion**  
Cards to turn: **Wants to vote** and **Unregistered**.  

ANSWER: Wants to vote, Unregistered","['Wants to vote', 'Unregistered']","['P', 'not_Q']",CORRECT,83,463,0
50,T51,3,500045,"If you want to Vote, you must be Registered.","Rule: ""If you want to Vote, you must be Registered.""
Cards: ['Wants to vote', 'Unregistered', 'Not voting', 'Registered']

Which cards must you turn over?
Your answer:","['Wants to vote', 'Unregistered', 'Not voting', 'Registered']","Let’s break this down.  

The rule is:  
**""If you want to Vote, you must be Registered.""**  
This is logically:  
**If Wants to Vote → Must be Registered**  

In logical terms:  
Let \( P \) = ""Wants to vote""  
Let \( Q \) = ""Registered""  
Rule: \( P \rightarrow Q \)  

To check violations of \( P \rightarrow Q \), we look for:  
1. **Cases where \( P \) is true but \( Q \) is false** (i.e., wants to vote but not registered).  
2. We do **not** need to check cases where \( P \) is false (not voting) — rule says nothing about them.  
3. We do **not** need to check cases where \( Q \) is true (registered) — rule doesn’t forbid registered people from not voting.  

---

**Cards given:**  
- **Wants to vote** → \( P \) true → must check \( Q \) (Registered?) → turn over to see if Registered.  
- **Unregistered** → \( Q \) false → must check \( P \) (Wants to vote?) → turn over to see if Wants to vote.  
- **Not voting** → \( P \) false → irrelevant to rule → no need to check.  
- **Registered** → \( Q \) true → irrelevant to rule → no need to check.  

---

**Must turn over:**  
1. **Wants to vote** (to check if Registered on back)  
2. **Unregistered** (to check if Wants to vote on back)  

---

ANSWER: Wants to vote, Unregistered","['Wants to vote', 'Unregistered']","['P', 'not_Q']",CORRECT,83,350,0
50,T51,4,500046,"If you want to Vote, you must be Registered.","Rule: ""If you want to Vote, you must be Registered.""
Cards: ['Registered', 'Wants to vote', 'Not voting', 'Unregistered']

Which cards must you turn over?
Your answer:","['Registered', 'Wants to vote', 'Not voting', 'Unregistered']","Let’s break this down.  

The rule is:  
**If you want to Vote, you must be Registered.**  
This can be written in logic as:  
\[
\text{Wants to vote} \rightarrow \text{Registered}
\]  

In logical terms, this is equivalent to:  
It cannot be the case that someone wants to vote and is not registered.  

---

**Step 1 – Identify the logical contrapositive**  
The original statement:  
\[
P \rightarrow Q
\]  
where \( P \) = ""Wants to vote"", \( Q \) = ""Registered"".  

The contrapositive is:  
\[
\neg Q \rightarrow \neg P
\]  
i.e., ""If not Registered, then not Wants to vote.""  

---

**Step 2 – Apply the Wason selection task principle**  
To check if the rule is being followed, we must test:  
1. **Cards where \( P \) is true** (Wants to vote) → check if \( Q \) is true (Registered).  
2. **Cards where \( \neg Q \) is true** (Unregistered) → check if \( \neg P \) is true (Not Wants to vote).  

---

**Step 3 – Match cards to logical cases**  
Cards given:  

- **Registered** → This is \( Q \) true.  
   We don’t need to check this, because the rule says nothing about what happens if you are registered (you could want to vote or not).  

- **Wants to vote** → This is \( P \) true.  
   Must check: is the person Registered?  

- **Not voting** → This is \( \neg P \) true.  
   We don’t need to check this, because the rule only applies if you want to vote.  

- **Unregistered** → This is \( \neg Q \) true.  
   Must check: does the person want to vote? (They shouldn’t, according to the rule.)  

---

**Step 4 – Conclusion**  
Must turn over:  
1. **Wants to vote** (to see if Registered on other side)  
2. **Unregistered** (to see if Wants to vote on other side)  

---

ANSWER: Wants to vote, Unregistered","['Wants to vote', 'Unregistered']","['P', 'not_Q']",CORRECT,83,478,0
51,T52,0,510042,"If a person is Arrested, they must be read their Rights.","Rule: ""If a person is Arrested, they must be read their Rights.""
Cards: ['Questioned', 'Arrested', 'Not read rights', 'Read rights']

Which cards must you turn over?
Your answer:","['Questioned', 'Arrested', 'Not read rights', 'Read rights']","Let’s break this down.  

The rule is:  
**If a person is Arrested, they must be read their Rights.**  
This is a conditional statement:  
If **Arrested** → then **Read rights**.  

In logical terms:  
Let \( A \) = ""Arrested""  
Let \( R \) = ""Read rights""  
Rule: \( A \rightarrow R \)  

---

**Truth table reminder for \( A \rightarrow R \):**  
- Only false when \( A \) is true and \( R \) is false.  
- So we must check cases where \( A \) is true (to ensure \( R \) is true)  
- And cases where \( R \) is false (to ensure \( A \) is false).  

---

**Cards given:**  
1. **Questioned** → This is not \( A \) (not ""Arrested""), so rule doesn’t require anything about it. No need to check.  
2. **Arrested** → This is \( A \) true. Must check other side to ensure \( R \) is true.  
3. **Not read rights** → This is \( R \) false. Must check other side to ensure \( A \) is false (i.e., not Arrested).  
4. **Read rights** → This is \( R \) true. Rule doesn’t force us to check when \( R \) is true (because \( A \) could be true or false, both okay).  

---

**Which cards must be turned over?**  
- **Arrested** (to check if other side says ""Read rights"")  
- **Not read rights** (to check if other side says ""Not arrested"")  

---

ANSWER: Arrested, Not read rights","['Arrested', 'Not read rights']","['P', 'not_Q']",CORRECT,87,361,0
51,T52,1,510043,"If a person is Arrested, they must be read their Rights.","Rule: ""If a person is Arrested, they must be read their Rights.""
Cards: ['Questioned', 'Arrested', 'Read rights', 'Not read rights']

Which cards must you turn over?
Your answer:","['Questioned', 'Arrested', 'Read rights', 'Not read rights']","Let’s break this down.  

The rule is:  
**If a person is Arrested, they must be read their Rights.**  

This is a conditional statement:  
If **Arrested** → then **Read rights**.  

In logical terms:  
Let \( A \) = ""Arrested""  
Let \( R \) = ""Read rights""  

Rule: \( A \rightarrow R \)  

---

**Truth table perspective:**  
The only way this rule is broken is if \( A \) is true and \( R \) is false.  
So we need to check cases where **Arrested** is true but **Read rights** is false.  

---

**Cards given:**  
1. **Questioned** → This is not \( A \) (not ""Arrested""), so rule doesn’t apply directly. No need to check unless we suspect hidden relevance, but logically, ""Questioned"" doesn’t trigger the rule.  
2. **Arrested** → This is \( A \) true. Must check the other side: is \( R \) true? If not, rule broken. So must turn this card to check the other side.  
3. **Read rights** → This is \( R \) true. Rule says nothing about when \( R \) is true — \( A \) could be true or false, both okay. So no need to turn.  
4. **Not read rights** → This is \( R \) false. Rule is only broken if \( A \) is true. So we must check if \( A \) is true for this card. If yes, rule broken. So must turn this card.  

---

**Which to turn over:**  
- **Arrested** (to ensure other side says ""Read rights"")  
- **Not read rights** (to ensure other side does **not** say ""Arrested"")  

Do not turn:  
- Questioned (irrelevant to rule)  
- Read rights (irrelevant to rule violation)  

---

ANSWER: Arrested, Not read rights","['Arrested', 'Not read rights']","['P', 'not_Q']",CORRECT,87,420,0
51,T52,2,510044,"If a person is Arrested, they must be read their Rights.","Rule: ""If a person is Arrested, they must be read their Rights.""
Cards: ['Questioned', 'Not read rights', 'Arrested', 'Read rights']

Which cards must you turn over?
Your answer:","['Questioned', 'Not read rights', 'Arrested', 'Read rights']","Let’s reason this step by step.

**Rule:** If a person is Arrested, they must be read their Rights.  
Formally: Arrested → Read rights.  
This is a conditional statement of the form **P → Q**, where:  
- P = Arrested  
- Q = Read rights  

We are using the **Wason selection task** logic:  
To verify the rule, we need to check cases where the rule could be violated:  
1. Check cases where P is true (Arrested) — we must ensure Q is true (Read rights).  
2. Check cases where Q is false (Not read rights) — we must ensure P is false (Not Arrested).  
We do not need to check cases where P is false, nor cases where Q is true, because those don’t risk violating the rule.

**Cards:**  
- Questioned → This corresponds to ""Not Arrested"" (P false) — no need to check.  
- Not read rights → This is Q false — we must check whether P is true (Arrested).  
- Arrested → This is P true — we must check whether Q is true (Read rights).  
- Read rights → This is Q true — no need to check.

Thus, cards to turn over:  
**Arrested** (to verify if “Read rights” is on the other side) and  
**Not read rights** (to verify if “Arrested” is on the other side).

ANSWER: Arrested, Not read rights","['Arrested', 'Not read rights']","['P', 'not_Q']",CORRECT,87,318,0
51,T52,3,510045,"If a person is Arrested, they must be read their Rights.","Rule: ""If a person is Arrested, they must be read their Rights.""
Cards: ['Not read rights', 'Questioned', 'Arrested', 'Read rights']

Which cards must you turn over?
Your answer:","['Not read rights', 'Questioned', 'Arrested', 'Read rights']","Let’s reason step by step.  

The rule is:  
> If a person is Arrested, they must be read their Rights.

This is a conditional statement of the form: **If P, then Q.**  
- P = ""Arrested""  
- Q = ""Read rights""  

In logic, we need to check two things to see if the rule is violated:  
1. Cards where **P is true** (Arrested) — we must verify that Q is also true (Read rights). If Q is false for that card, the rule is broken.  
2. Cards where **Q is false** (Not read rights) — we must verify that P is false (Not Arrested). If P is true for that card, the rule is broken.  

Cards we do *not* need to check:  
- Cards where **P is false** (Not Arrested) — rule doesn’t apply, no violation regardless of Q.  
- Cards where **Q is true** (Read rights) — doesn’t tell us about violation when P is true (since rule is satisfied), and doesn’t matter if P is false (rule not applicable).  

Given the four cards:  
1. **""Not read rights""** → This is **Q false**. We must check if P (Arrested) is true for this card.  
2. **""Questioned""** → This is **P false** (since not necessarily Arrested). No need to check.  
3. **""Arrested""** → This is **P true**. We must check if Q (Read rights) is true for this card.  
4. **""Read rights""** → This is **Q true**. No need to check.  

Therefore, we must turn over **""Not read rights""** and **""Arrested""**.  

ANSWER: Not read rights, Arrested","['Not read rights', 'Arrested']","['P', 'not_Q']",CORRECT,87,396,0
51,T52,4,510046,"If a person is Arrested, they must be read their Rights.","Rule: ""If a person is Arrested, they must be read their Rights.""
Cards: ['Read rights', 'Arrested', 'Not read rights', 'Questioned']

Which cards must you turn over?
Your answer:","['Read rights', 'Arrested', 'Not read rights', 'Questioned']","Let’s break this down.  

The rule is:  
**If a person is Arrested, they must be read their Rights.**  

This is a conditional statement:  
**If Arrested → Read rights**  

In logical terms:  
Let \( A \) = Arrested, \( R \) = Read rights.  
Rule: \( A \rightarrow R \)  

---

**Step 1 – Identify what needs to be checked**  
To test if the rule is being followed, we must check for violations.  
A violation occurs when \( A \) is true and \( R \) is false.  
So we must check:  
1. Cards where \( A \) is true (Arrested) → must verify \( R \) is true.  
2. Cards where \( R \) is false (Not read rights) → must verify \( A \) is false.  

---

**Step 2 – Apply to the cards**  

Cards:  
- **Read rights** → \( R \) is true.  
   No need to check further because \( R \) true doesn’t violate the rule regardless of \( A \).  
- **Arrested** → \( A \) is true.  
   Must check if \( R \) is true on the other side.  
- **Not read rights** → \( R \) is false.  
   Must check if \( A \) is false on the other side.  
- **Questioned** → This is not \( A \) and not \( R \) (Questioned ≠ Arrested, and doesn’t say about rights).  
   Since \( A \) is false here, the rule \( A \rightarrow R \) is automatically satisfied regardless of \( R \). So no need to check.  

---

**Step 3 – Conclusion**  
Must turn over: **Arrested** and **Not read rights**.  

---

ANSWER: Arrested, Not read rights","['Arrested', 'Not read rights']","['P', 'not_Q']",CORRECT,87,386,0
52,T53,0,520042,"If you operate Heavy machinery, you must be Certified.","Rule: ""If you operate Heavy machinery, you must be Certified.""
Cards: ['Certified', 'Uncertified', 'Heavy machinery', 'Office equipment']

Which cards must you turn over?
Your answer:","['Certified', 'Uncertified', 'Heavy machinery', 'Office equipment']","Let’s break this down.  

The rule is:  
**If you operate Heavy machinery, you must be Certified.**  
This is a conditional statement of the form:  
If **P** (operate Heavy machinery), then **Q** (must be Certified).  

In logical terms:  
P → Q  

To check violations of this rule, we need to find cases where **P is true but Q is false**.  
That means we must check:  
1. Cards where **P is true** (operate Heavy machinery) → to see if Q is false (not Certified).  
2. Cards where **Q is false** (not Certified) → to see if P is true (operate Heavy machinery).  

We do **not** need to check cases where P is false (not operating Heavy machinery) or where Q is true (Certified), because those don’t violate the rule.  

---

**Cards given:**  
- **Certified** → This is **Q true**. No need to check (rule only violated if Q false when P true).  
- **Uncertified** → This is **Q false**. Must check if P is true (operate Heavy machinery).  
- **Heavy machinery** → This is **P true**. Must check if Q is false (not Certified).  
- **Office equipment** → This is **P false**. No need to check (rule says nothing about Office equipment).  

---

**Cards to turn over:**  
1. **Heavy machinery** (to see if the person is Certified or not)  
2. **Uncertified** (to see if they operate Heavy machinery)  

---

ANSWER: Heavy machinery, Uncertified","['Heavy machinery', 'Uncertified']","['P', 'not_Q']",CORRECT,84,349,0
52,T53,1,520043,"If you operate Heavy machinery, you must be Certified.","Rule: ""If you operate Heavy machinery, you must be Certified.""
Cards: ['Office equipment', 'Heavy machinery', 'Uncertified', 'Certified']

Which cards must you turn over?
Your answer:","['Office equipment', 'Heavy machinery', 'Uncertified', 'Certified']","Let’s break this down.  

**Rule:**  
""If you operate Heavy machinery, you must be Certified.""  
Logical form:  
If **operate Heavy machinery** → **must be Certified**.  
In logic: \( P \rightarrow Q \) where:  
- \( P \) = operate Heavy machinery  
- \( Q \) = Certified  

---

**Cards given:**  
1. **Office equipment** → This is not ""Heavy machinery"" (so not \( P \)), and the rule says nothing about office equipment. No need to check.  
2. **Heavy machinery** → This is \( P \). We must check if the person operating it is Certified (\( Q \)). So turn this card to see if other side says ""Certified"" or not.  
3. **Uncertified** → This is \(\neg Q\). If someone is uncertified, they must not be operating Heavy machinery (otherwise rule broken). So we must check if the other side says ""Heavy machinery"" or not. If it does, rule is broken.  
4. **Certified** → This is \( Q \). If someone is certified, the rule doesn’t forbid them from operating heavy machinery or not operating it. No violation possible regardless of what’s on the other side. So no need to check.  

---

**Cards to turn over:**  
- Heavy machinery (to check for Certified)  
- Uncertified (to check for Heavy machinery)  

---

ANSWER: Heavy machinery, Uncertified","['Heavy machinery', 'Uncertified']","['P', 'not_Q']",CORRECT,84,312,0
52,T53,2,520044,"If you operate Heavy machinery, you must be Certified.","Rule: ""If you operate Heavy machinery, you must be Certified.""
Cards: ['Heavy machinery', 'Office equipment', 'Uncertified', 'Certified']

Which cards must you turn over?
Your answer:","['Heavy machinery', 'Office equipment', 'Uncertified', 'Certified']","Let’s break this down.  

The rule is:  
**If you operate Heavy machinery, you must be Certified.**  
This can be written logically as:  
**If Heavy machinery → then Certified**  
Contrapositive: **If not Certified → then not Heavy machinery**  

We have four cards:  

1. **Heavy machinery**  
2. **Office equipment**  
3. **Uncertified**  
4. **Certified**  

We need to check only the cards that could violate the rule.  

---

**Step 1 – Identify possible violations**  
The rule says:  
- It’s fine to be Certified and operate Heavy machinery.  
- It’s fine to be Certified and operate Office equipment.  
- It’s fine to be Uncertified and operate Office equipment (because the rule only restricts Heavy machinery operators).  
- The only violation is if someone operates **Heavy machinery** but is **Uncertified**.  

So we check:  
- **Heavy machinery** card: We must see the other side to ensure it is **Certified** (not Uncertified).  
- **Office equipment** card: No restriction on Office equipment, so flipping is unnecessary.  
- **Uncertified** card: We must see the other side to ensure it is **not Heavy machinery** (could be Office equipment, which is fine).  
- **Certified** card: No need to flip — being Certified is fine regardless of what machinery they operate.  

---

**Step 2 – Which cards to turn over**  
We turn over:  
- **Heavy machinery** (to check it’s not Uncertified on the other side)  
- **Uncertified** (to check it’s not Heavy machinery on the other side)  

Office equipment and Certified cards don’t risk breaking the rule.  

---

ANSWER: Heavy machinery, Uncertified","['Heavy machinery', 'Uncertified']","['P', 'not_Q']",CORRECT,84,393,0
52,T53,3,520045,"If you operate Heavy machinery, you must be Certified.","Rule: ""If you operate Heavy machinery, you must be Certified.""
Cards: ['Office equipment', 'Uncertified', 'Heavy machinery', 'Certified']

Which cards must you turn over?
Your answer:","['Office equipment', 'Uncertified', 'Heavy machinery', 'Certified']","Let’s break this down.  

**Rule:**  
""If you operate Heavy machinery, you must be Certified.""  
This is logically:  
If **operate Heavy machinery** → **must be Certified**.  

In logical terms:  
Let \( H \) = ""operate Heavy machinery""  
Let \( C \) = ""Certified""  
Rule: \( H \rightarrow C \)  

To check violations, we look for cases where \( H \) is true but \( C \) is false.  
That means we must check:  
1. Cards where \( H \) is true (to see if \( C \) is false on the other side).  
2. Cards where \( C \) is false (to see if \( H \) is true on the other side).  

---

**Cards given:**  

1. **Office equipment** → This is not ""Heavy machinery"" (so \( H \) is false).  
   No need to check for violation from this side, because rule only applies if \( H \) is true.  

2. **Uncertified** → This means \( C \) is false.  
   Must check: if on the other side it says ""Heavy machinery"", that violates the rule.  

3. **Heavy machinery** → This means \( H \) is true.  
   Must check: if on the other side it says ""Uncertified"", that violates the rule.  

4. **Certified** → This means \( C \) is true.  
   If \( C \) is true, rule is satisfied regardless of what’s on the other side (even if other side is ""Heavy machinery"", that’s fine because \( C \) is true). So no need to check.  

---

**Must turn over:**  
- Heavy machinery (to check other side is Certified)  
- Uncertified (to check other side is not Heavy machinery)  

---

ANSWER: Heavy machinery, Uncertified","['Heavy machinery', 'Uncertified']","['P', 'not_Q']",CORRECT,84,396,0
52,T53,4,520046,"If you operate Heavy machinery, you must be Certified.","Rule: ""If you operate Heavy machinery, you must be Certified.""
Cards: ['Heavy machinery', 'Certified', 'Office equipment', 'Uncertified']

Which cards must you turn over?
Your answer:","['Heavy machinery', 'Certified', 'Office equipment', 'Uncertified']","Let’s break this down.  

The rule is:  
**If you operate Heavy machinery, you must be Certified.**  
This is a conditional statement:  
If P (operate Heavy machinery) → then Q (must be Certified).  

Logically, to check violations, we need to test:  
1. **P true and Q false** (operate heavy machinery but not certified) — this violates the rule.  
2. We don’t need to check cases where P is false (not operating heavy machinery) — rule doesn’t apply.  
3. We don’t need to check cases where Q is true (certified) — rule doesn’t forbid certified people from not operating heavy machinery.  

---

**Cards given:**  
- **Heavy machinery** → This is P (operating heavy machinery). We must check the other side for Q (certified). If the other side says “Uncertified,” that’s a violation. So we must turn this card.  
- **Certified** → This is Q true. The rule says nothing about certified people having to operate heavy machinery, so no need to check.  
- **Office equipment** → This is not heavy machinery (not P). Rule doesn’t apply, so no need to check.  
- **Uncertified** → This is Q false. We must check if this person operates heavy machinery (P). If they do, it’s a violation. So we must turn this card.  

---

**Cards to turn over:**  
1. Heavy machinery (to check if certified)  
2. Uncertified (to check if operating heavy machinery)  

---

ANSWER: Heavy machinery, Uncertified","['Heavy machinery', 'Uncertified']","['P', 'not_Q']",CORRECT,84,350,0
53,T54,0,530042,"If a business sells Food, it must pass a Health inspection.","Rule: ""If a business sells Food, it must pass a Health inspection.""
Cards: ['Passed inspection', 'Sells food', 'Failed inspection', 'Sells clothing']

Which cards must you turn over?
Your answer:","['Passed inspection', 'Sells food', 'Failed inspection', 'Sells clothing']","Let’s break this down step by step.  

**Rule:**  
""If a business sells Food, it must pass a Health inspection.""  
Logical form:  
If **sells Food** → **must pass inspection**.  
Contrapositive: If **did not pass inspection** → **does not sell Food**.  

**Cards:**  
1. Passed inspection  
2. Sells food  
3. Failed inspection  
4. Sells clothing  

---

**Step 1 – Identify what needs to be checked**  
We need to test the rule by looking for possible violations.  
A violation would be: **sells Food** AND **did not pass inspection**.  

So we check:  
- Any card that **sells Food** → must verify the other side says ""Passed inspection"".  
- Any card that **did not pass inspection** → must verify the other side says ""does not sell Food"".  

---

**Step 2 – Check each card**  

**Card 1: ""Passed inspection""**  
- Other side could say anything.  
- If other side says ""sells Food"", that’s fine (rule says if sells Food → must pass inspection, and it did pass).  
- If other side says ""sells clothing"", also fine.  
- No possible violation from this card alone.  
→ **Not necessary to turn.**

**Card 2: ""Sells food""**  
- This is a ""sells Food"" case.  
- Must check other side to ensure it says ""Passed inspection"". If it says ""Failed inspection"", rule is broken.  
→ **Must turn.**

**Card 3: ""Failed inspection""**  
- This is a ""did not pass inspection"" case.  
- Must check other side to ensure it does **not** say ""sells Food"". If it says ""sells Food"", rule is broken.  
→ **Must turn.**

**Card 4: ""Sells clothing""**  
- Rule only applies to ""sells Food"".  
- If other side says ""Failed inspection"", that’s fine (rule doesn’t require clothing sellers to pass inspection).  
- No possible violation.  
→ **Not necessary to turn.**

---

**Step 3 – Conclusion**  
Must turn over: **Sells food** and **Failed inspection**.

---

ANSWER: Sells food, Failed inspection","['Sells food', 'Failed inspection']","['P', 'not_Q']",CORRECT,87,491,0
53,T54,1,530043,"If a business sells Food, it must pass a Health inspection.","Rule: ""If a business sells Food, it must pass a Health inspection.""
Cards: ['Sells clothing', 'Sells food', 'Failed inspection', 'Passed inspection']

Which cards must you turn over?
Your answer:","['Sells clothing', 'Sells food', 'Failed inspection', 'Passed inspection']","Let’s break this down.  

The rule is:  
**If a business sells Food, it must pass a Health inspection.**  

In logical terms:  
- Let \( P \) = ""sells Food""  
- Let \( Q \) = ""passes a Health inspection""  

Rule: \( P \rightarrow Q \) (If P, then Q).  

The logical equivalent for checking violations is:  
We need to find cases where \( P \) is true and \( Q \) is false.  
So we must check **all cards where P is true** (to see if Q is false for them) and **all cards where Q is false** (to see if P is true for them).  

---

**Cards given:**  
1. Sells clothing → This is **not P** (not ""sells Food""). No need to check for violation from this side alone, because rule only cares about Food sellers.  
2. Sells food → This is **P = true**. Must check the back: is Q false? So must turn this card.  
3. Failed inspection → This is **Q = false** (did not pass inspection). Must check the back: is P true? So must turn this card.  
4. Passed inspection → This is **Q = true**. No need to check from this side alone, because rule says nothing about non-Food sellers or what happens if inspection passed.  

---

**Must turn over:**  
- Sells food (to ensure it passed inspection)  
- Failed inspection (to ensure it does not sell food)  

---

ANSWER: Sells food, Failed inspection","['Sells food', 'Failed inspection']","['P', 'not_Q']",CORRECT,87,334,0
53,T54,2,530044,"If a business sells Food, it must pass a Health inspection.","Rule: ""If a business sells Food, it must pass a Health inspection.""
Cards: ['Sells food', 'Sells clothing', 'Failed inspection', 'Passed inspection']

Which cards must you turn over?
Your answer:","['Sells food', 'Sells clothing', 'Failed inspection', 'Passed inspection']","Let’s break this down.  

**Rule:**  
""If a business sells Food, it must pass a Health inspection.""  
Logical form:  
If **sells food** → **must pass inspection**.  
Contrapositive: If **did not pass inspection** → **does not sell food**.  

**Cards given:**  
1. Sells food  
2. Sells clothing  
3. Failed inspection  
4. Passed inspection  

---

**Step 1 – Identify what needs to be checked**  
We need to test the rule by looking for possible violations.  
Violation happens if: **sells food** AND **did not pass inspection** (i.e., failed inspection).  

So we must check:  
- Any card that could be ""sells food"" → must verify the back shows ""passed inspection"".  
- Any card that could be ""failed inspection"" → must verify the back does **not** say ""sells food"".  

---

**Step 2 – Check each card**  

**Card 1: Sells food**  
If this card says ""sells food"" on one side, we must check the other side to ensure it says ""passed inspection"".  
→ **Must turn over**.  

**Card 2: Sells clothing**  
This is not ""sells food"", so the rule does not apply to it directly.  
Even if on the other side it says ""failed inspection"", that’s fine — rule only says if sells food → must pass inspection.  
→ **No need to turn over**.  

**Card 3: Failed inspection**  
If this card says ""failed inspection"" on one side, we must check the other side to ensure it does **not** say ""sells food"" (otherwise violation).  
→ **Must turn over**.  

**Card 4: Passed inspection**  
If this card says ""passed inspection"" on one side, the other side could say ""sells food"" (allowed) or ""sells clothing"" (allowed). No violation possible here.  
→ **No need to turn over**.  

---

**Step 3 – Conclusion**  
Must turn over: **Sells food** and **Failed inspection**.  

ANSWER: Sells food, Failed inspection","['Sells food', 'Failed inspection']","['P', 'not_Q']",CORRECT,87,462,0
53,T54,3,530045,"If a business sells Food, it must pass a Health inspection.","Rule: ""If a business sells Food, it must pass a Health inspection.""
Cards: ['Failed inspection', 'Sells food', 'Passed inspection', 'Sells clothing']

Which cards must you turn over?
Your answer:","['Failed inspection', 'Sells food', 'Passed inspection', 'Sells clothing']","Let’s break this down step by step.  

**Step 1 – Understand the rule**  
The rule is:  
> If a business sells Food, it must pass a Health inspection.  

In logical form:  
- If **sells food** → **must pass inspection**.  
- Contrapositive: If **did not pass inspection** → **does not sell food**.  

**Step 2 – Identify what we’re checking**  
We need to test whether the rule is being violated.  
A violation occurs if:  
- A business sells food AND did not pass inspection.  

So we must check:  
1. Any card that could be a case of “sells food” → need to see the other side to ensure it passed inspection.  
2. Any card that could be a case of “did not pass inspection” → need to see the other side to ensure it does not sell food.  

**Step 3 – Examine each card**  

Card 1: **Failed inspection**  
- This means “did not pass inspection”.  
- To check for violation: we must see if it sells food.  
- Must turn over.  

Card 2: **Sells food**  
- This is the antecedent of the rule.  
- To check for violation: we must see if it passed inspection.  
- Must turn over.  

Card III: **Passed inspection**  
- This is “passed inspection”.  
- If a business passed inspection, the rule doesn’t say anything about whether it sells food or not — passing inspection is allowed for both food and non-food businesses.  
- No need to turn over (not relevant to violation).  

Card IV: **Sells clothing**  
- This is “does not sell food” (assuming clothing ≠ food).  
- The rule only applies to food sellers, so if it doesn’t sell food, it can pass or fail inspection without breaking the rule.  
- No need to turn over.  

**Step 4 – Conclusion**  
Only the cards that could reveal a violation are:  
- “Failed inspection” (to check if sells food)  
- “Sells food” (to check if passed inspection)  

ANSWER: Failed inspection, Sells food","['Failed inspection', 'Sells food']","['P', 'not_Q']",CORRECT,87,463,0
53,T54,4,530046,"If a business sells Food, it must pass a Health inspection.","Rule: ""If a business sells Food, it must pass a Health inspection.""
Cards: ['Passed inspection', 'Sells clothing', 'Sells food', 'Failed inspection']

Which cards must you turn over?
Your answer:","['Passed inspection', 'Sells clothing', 'Sells food', 'Failed inspection']","Let’s break this down.  

**Rule:**  
""If a business sells Food, it must pass a Health inspection.""  
Logical form:  
If **sells Food** → **must pass inspection**.  
Contrapositive: If **did not pass inspection** → **does not sell Food**.

---

**Cards given:**  
1. Passed inspection  
2. Sells clothing  
3. Sells food  
4. Failed inspection  

---

**Step 1 – Identify what needs to be checked to test the rule**  
We want to make sure there is **no violation** of the rule.  
Violation would be: Sells Food AND Failed inspection.  

So we must check:  
- Any card that **sells Food** → must verify it passed inspection.  
- Any card that **failed inspection** → must verify it does not sell Food.  

---

**Step 2 – Check each card**  

1. **Passed inspection**  
   - Does this card potentially violate the rule?  
   - Rule says: if sells Food → must pass inspection.  
   - This card already passed, so even if it sold Food, it’s fine.  
   - No need to check the other side for violation.  
   - So **do not turn**.

2. **Sells clothing**  
   - Rule only cares about Food, not clothing.  
   - Even if it failed inspection, that’s irrelevant to the rule (rule only says if sells Food → must pass; doesn’t say anything about clothing businesses).  
   - So **do not turn**.

3. **Sells food**  
   - This is a “sells Food” case.  
   - Must check: Did it pass inspection?  
   - If it failed, that’s a violation.  
   - So **must turn**.

4. **Failed inspection**  
   - This is a “did not pass” case.  
   - Must check: Does it sell Food?  
   - If it sells Food, that’s a violation.  
   - So **must turn**.

---

**Step 3 – Conclusion**  
Must turn over: Sells food, Failed inspection.

---

ANSWER: Sells food, Failed inspection","['Sells food', 'Failed inspection']","['P', 'not_Q']",CORRECT,87,461,0
54,T55,0,540042,"If you carry a Firearm, you must have a License.","Rule: ""If you carry a Firearm, you must have a License.""
Cards: ['No license', 'Carries firearm', 'Carries phone', 'Has license']

Which cards must you turn over?
Your answer:","['No license', 'Carries firearm', 'Carries phone', 'Has license']","Let’s break this down.  

The rule is:  
**If you carry a Firearm, you must have a License.**  

In logical terms:  
- Let \( F \) = ""carries firearm""  
- Let \( L \) = ""has license""  
Rule: \( F \rightarrow L \) (If F, then L)  

To check violations of this rule, we look for cases where \( F \) is true but \( L \) is false.  
That means we must check **all cards where F is true** (to see if L is false for them) and **all cards where L is false** (to see if F is true for them).  

Cards:  
1. **No license** → This means \( L \) is false. Must check if \( F \) is true (carries firearm).  
2. **Carries firearm** → This means \( F \) is true. Must check if \( L \) is false (no license).  
3. **Carries phone** → This is unrelated to \( F \) or \( L \) in the rule. No need to check.  
4. **Has license** → This means \( L \) is true. The rule says nothing about what happens if \( L \) is true (F could be true or false, both allowed). So no need to check.  

So we must turn over: **No license** and **Carries firearm**.  

ANSWER: No license, Carries firearm","['No license', 'Carries firearm']","['P', 'not_Q']",CORRECT,86,301,0
54,T55,1,540043,"If you carry a Firearm, you must have a License.","Rule: ""If you carry a Firearm, you must have a License.""
Cards: ['Carries phone', 'Carries firearm', 'No license', 'Has license']

Which cards must you turn over?
Your answer:","['Carries phone', 'Carries firearm', 'No license', 'Has license']","Let’s break this down.  

The rule is:  
**If you carry a Firearm, you must have a License.**  
Logical form:  
If **Firearm** → **License** (equivalently: Firearm → License).  

This is a conditional statement. To test whether the rule is being followed, we need to check cases that could violate it.  
A violation would be: **Firearm is true AND License is false**.  

So we must check:  
1. Any card where **Firearm** is true → must verify the other side is **License** (not ""No license"").  
2. Any card where **License is false** → must verify the other side is **not Firearm**.  

---

**Cards given:**  
- **Carries phone** → irrelevant to the rule (not Firearm, not License-related). No need to check.  
- **Carries firearm** → Firearm is true → must check other side for License.  
- **No license** → License is false → must check other side for Firearm.  
- **Has license** → License is true → no violation possible regardless of other side (because if other side is Firearm, condition is satisfied).  

---

**Must turn over:**  
1. **Carries firearm** (to ensure other side says ""Has license"")  
2. **No license** (to ensure other side does NOT say ""Carries firearm"")  

---

ANSWER: Carries firearm, No license","['Carries firearm', 'No license']","['P', 'not_Q']",CORRECT,86,307,0
54,T55,2,540044,"If you carry a Firearm, you must have a License.","Rule: ""If you carry a Firearm, you must have a License.""
Cards: ['Has license', 'Carries firearm', 'No license', 'Carries phone']

Which cards must you turn over?
Your answer:","['Has license', 'Carries firearm', 'No license', 'Carries phone']","Let’s break this down.  

The rule is:  
**If you carry a Firearm, you must have a License.**  

In logical terms:  
Let \( F \) = ""carries firearm""  
Let \( L \) = ""has license""  

Rule: \( F \rightarrow L \) (If F is true, then L must be true).  

The only way this rule can be violated is if someone **carries a firearm** (\( F \) true) but **does not have a license** (\( L \) false).  

We need to check each card to see if turning it over could reveal a violation:  

1. **""Has license""** (\( L \) true)  
   - If we turn this over, we see \( L \) true.  
   - The rule says nothing about when \( L \) is true — it could still be consistent even if \( F \) is false or true.  
   - This cannot reveal a violation because the violation requires \( L \) false.  
   - So **no need to turn**.  

2. **""Carries firearm""** (\( F \) true)  
   - If we turn this over, we check: is \( L \) true?  
   - If \( L \) is false, that’s a violation.  
   - So **must turn** to check the other side for license status.  

3. **""No license""** (\( L \) false)  
   - If we turn this over, we check: does this person carry a firearm?  
   - If \( F \) is true, that’s a violation.  
   - So **must turn** to check the other side for firearm status.  

4. **""Carries phone""**  
   - This is irrelevant to the rule (not \( F \) and not \( L \)).  
   - The rule only concerns firearm → license.  
   - Turning it over cannot show a violation of this rule.  
   - So **no need to turn**.  

**Cards to turn over:** ""Carries firearm"" and ""No license"".  

ANSWER: Carries firearm, No license","['Carries firearm', 'No license']","['P', 'not_Q']",CORRECT,86,439,0
54,T55,3,540045,"If you carry a Firearm, you must have a License.","Rule: ""If you carry a Firearm, you must have a License.""
Cards: ['Has license', 'Carries phone', 'No license', 'Carries firearm']

Which cards must you turn over?
Your answer:","['Has license', 'Carries phone', 'No license', 'Carries firearm']","Let’s break this down.  

The rule is:  
**If you carry a Firearm, you must have a License.**  
In logical form:  
Carries firearm → Has license.  

This is a conditional statement. To test it, we need to check for violations.  
A violation occurs when:  
- Someone carries a firearm **and** does **not** have a license.  

So we must check:  
1. **Cards where the antecedent is true** (Carries firearm) — to see if they have a license.  
2. **Cards where the consequent is false** (No license) — to see if they carry a firearm.  

---

**Cards given:**  
- **Has license** → consequent is true, no violation possible regardless of antecedent. No need to check.  
- **Carries phone** → antecedent is false (not firearm), so rule doesn’t apply. No need to check.  
- **No license** → consequent is false → must check if antecedent is true (carries firearm).  
- **Carries firearm** → antecedent is true → must check if consequent is true (has license).  

---

**Must turn over:**  
1. **Carries firearm** (to check for license)  
2. **No license** (to check for firearm)  

---

ANSWER: Carries firearm, No license","['Carries firearm', 'No license']","['P', 'not_Q']",CORRECT,86,281,0
54,T55,4,540046,"If you carry a Firearm, you must have a License.","Rule: ""If you carry a Firearm, you must have a License.""
Cards: ['Carries phone', 'Has license', 'No license', 'Carries firearm']

Which cards must you turn over?
Your answer:","['Carries phone', 'Has license', 'No license', 'Carries firearm']","Let’s break this down.

**Rule:** If you carry a Firearm, you must have a License.  
In logical terms:  
Carries firearm → Has license.  

The contrapositive: If you do not have a license, you must not carry a firearm.

To test whether the rule is being followed, we need to check two types of violations:

1. **Checking the forward direction:** Find cases where ""Carries firearm"" is true, and see if ""Has license"" is false.  
   That means: we must check **""Carries firearm""** to ensure the person has a license.

2. **Checking the contrapositive direction:** Find cases where ""Has license"" is false (or ""No license"" is true), and see if ""Carries firearm"" is true.  
   That means: we must check **""No license""** to ensure the person does not carry a firearm.

Other cards are irrelevant:  
- **""Carries phone""** — carrying a phone doesn’t affect the firearm/license rule.  
- **""Has license""** — if someone has a license, the rule doesn’t forbid carrying a firearm, so no need to check.

**Conclusion:**  
Cards that must be turned over:  
- Carries firearm  
- No license  

ANSWER: Carries firearm, No license","['Carries firearm', 'No license']","['P', 'not_Q']",CORRECT,86,276,0
55,T56,0,550042,"If a building is Taller than 10 floors, it must have a Fire escape.","Rule: ""If a building is Taller than 10 floors, it must have a Fire escape.""
Cards: ['Has fire escape', 'Tall building', 'Single floor', 'No fire escape']

Which cards must you turn over?
Your answer:","['Has fire escape', 'Tall building', 'Single floor', 'No fire escape']","Let’s break this down.  

**Rule:**  
If a building is taller than 10 floors, it must have a fire escape.  
Logical form:  
If **Taller than 10 floors** → **Has fire escape**.  

This is a conditional statement:  
- **Antecedent (P)**: Taller than -10 floors → in the cards, ""Tall building"" likely means taller than 10 floors.  
- **Consequent (Q)**: Has fire escape.  

We need to check for violations:  
A violation occurs when **P is true but Q is false** (i.e., Tall building but No fire escape).  

**Cards given:**  
1. Has fire escape → Q is true. This doesn’t tell us about P, so no need to check unless we suspect reverse implication (which isn’t part of the rule).  
2. Tall building → P is true. Must check if Q is true.  
3. Single floor → P is false. If P is false, rule doesn’t apply, so no violation regardless of Q.  
4. No fire escape → Q is false. Must check if P is true (because if P is true, it’s a violation).  

**Which to turn over to verify rule is followed?**  
- **Tall building** (P true) → must check Q (fire escape status).  
- **No fire escape** (Q false) → must check P (whether it’s tall).  

The others:  
- ""Has fire escape"" (Q true) → even if P false, no violation; even if P true, it’s fine. So no need to check.  
- ""Single floor"" (P false) → rule doesn’t apply, so no need to check Q.  

**Answer:** Tall building, No fire escape.  

ANSWER: Tall building, No fire escape","['Tall building', 'No fire escape']","['P', 'not_Q']",CORRECT,91,394,0
55,T56,1,550043,"If a building is Taller than 10 floors, it must have a Fire escape.","Rule: ""If a building is Taller than 10 floors, it must have a Fire escape.""
Cards: ['No fire escape', 'Has fire escape', 'Single floor', 'Tall building']

Which cards must you turn over?
Your answer:","['No fire escape', 'Has fire escape', 'Single floor', 'Tall building']","Let’s break this down.  

**Rule:**  
If a building is taller than 10 floors, it must have a fire escape.  
Logical form:  
If **Taller than 10 floors** → **Must have fire escape**.  

**Contrapositive:**  
If **does not have fire escape** → **must not be taller than 10 floors** (i.e., must be 10 floors or less).  

---

**Cards given:**  
1. **No fire escape** → Checks contrapositive: if no fire escape, is it taller than 10 floors? Must check.  
2. **Has fire escape** → Not logically necessary to check (having fire escape doesn’t violate the rule, regardless of height).  
3. **Single floor** → Not taller than 10 floors, so rule’s antecedent is false → no need to check (rule doesn’t apply).  
4. **Tall building** → Need to check if it has fire escape (rule’s antecedent true → consequent must be true).  

---

**Which to turn over to test the rule?**  
We only need to check cases where:  
- The antecedent is true (taller than 10 floors) → check consequent (fire escape).  
- The consequent is false (no fire escape) → check antecedent (not taller than 10 floors).  

From the cards:  
- **No fire escape** → consequent false → check antecedent (is it tall building?) → must turn over.  
- **Tall building** → antecedent true → check consequent (has fire escape?) → must turn over.  

Others:  
- **Has fire escape** → consequent true → no violation possible from this card alone.  
- **Single floor** → antecedent false → rule not violated regardless of consequent.  

---

**Final answer:**  
ANSWER: No fire escape, Tall building","['No fire escape', 'Tall building']","['P', 'not_Q']",CORRECT,91,384,0
55,T56,2,550044,"If a building is Taller than 10 floors, it must have a Fire escape.","Rule: ""If a building is Taller than 10 floors, it must have a Fire escape.""
Cards: ['Tall building', 'Has fire escape', 'No fire escape', 'Single floor']

Which cards must you turn over?
Your answer:","['Tall building', 'Has fire escape', 'No fire escape', 'Single floor']","Let’s break this down step-by-step.  

The rule:  
**“If a building is Taller than 10 floors, it must have a Fire escape.”**  

This is a conditional statement of the form:  
If P (taller than 10 floors) then Q (has fire escape).  

We can think of this as:  
P → Q  

When testing such a rule, we need to check:  
1. Cases where P is true (to verify Q is also true).  
2. Cases where Q is false (to verify P is not true, because if P were true and Q false, the rule would be broken).  

We do **not** need to check cases where P is false (rule doesn’t apply) or where Q is true (could be fine even if P is false).  

---

Cards given:  
- **Tall building** → This corresponds to P (taller than 10 floors). We must check if it also **has fire escape**.  
- **Has fire escape** → This is Q being true. No need to check because rule is about P → Q; if Q true, doesn’t matter if P true or false.  
- **No fire escape** → This is Q being false. We must check if P (taller than 10 floors) is true for this building, because if it is, rule broken.  
- **Single floor** → This is P being false (not taller than 10 floors). No need to check; rule doesn’t apply to it.  

---

Cards to turn over:  
- **Tall building** (to check if it has fire escape)  
- **No fire escape** (to check if it is taller than 10 floors)  

**ANSWER: Tall building, No fire escape**","['**ANSWER: Tall building', 'No fire escape**']",[],NOISE,91,372,0
55,T56,3,550045,"If a building is Taller than 10 floors, it must have a Fire escape.","Rule: ""If a building is Taller than 10 floors, it must have a Fire escape.""
Cards: ['Single floor', 'Has fire escape', 'No fire escape', 'Tall building']

Which cards must you turn over?
Your answer:","['Single floor', 'Has fire escape', 'No fire escape', 'Tall building']","Let’s break this down.  

**Rule:**  
If a building is taller than 10 floors → it must have a fire escape.  
Logical form:  
If **P** (taller than 10 floors) then **Q** (must have fire escape).  

**Cards:**  
1. ""Single floor"" → This is **not P** (not taller than 10 floors).  
2. ""Has fire escape"" → This is **Q**.  
3. ""No fire escape"" → This is **not Q**.  
4. ""Tall building"" → This is **P** (taller than 10 floors).  

---

**Which cards must be turned over to check the rule?**  
We check:  
- **P card** (Tall building): Must check if Q is true (must have fire escape). → **Turn over**.  
- **not Q card** (No fire escape): Must check if P is true (if it’s taller than 10 floors, rule is broken). → **Turn over**.  

Other cards:  
- **not P card** (Single floor): Rule doesn’t apply if P is false, so no need to check.  
- **Q card** (Has fire escape): Having fire escape doesn’t violate rule even if P is false, so no need to check.  

---

**Final answer:**  
ANSWER: Tall building, No fire escape","['Tall building', 'No fire escape']","['P', 'not_Q']",CORRECT,91,294,0
55,T56,4,550046,"If a building is Taller than 10 floors, it must have a Fire escape.","Rule: ""If a building is Taller than 10 floors, it must have a Fire escape.""
Cards: ['Tall building', 'Has fire escape', 'Single floor', 'No fire escape']

Which cards must you turn over?
Your answer:","['Tall building', 'Has fire escape', 'Single floor', 'No fire escape']","Let's break down the rule and cards step by step.  

Rule: **If a building is Taller than 10 floors, it must have a Fire escape.**  
This is a conditional statement of the form:  
If P (Taller than 10 floors), then Q (must have Fire escape).  

The logical structure is:  
P → Q  

To test whether this rule holds in all cases, we must check for violations.  
A violation would be: P true and Q false (a building taller than 10 floors but without a fire escape).  
We don’t need to check cases where P is false (not taller than 10 floors), because the rule says nothing about those.  
We also don’t need to check cases where Q is true (has fire escape) regardless of P, because that doesn’t violate the rule.  

---

Cards:  
1. **'Tall building'** → This corresponds to **P** (building taller than 10 floors).  
We must check if Q is true for this card. So turn it over.  

2. **'Has fire escape'** → This corresponds to **Q** true.  
If Q is true, rule could still hold even if P is false. So not necessary to turn (no violation possible regardless of P).  

3. **'Single floor'** → This corresponds to **P false** (not taller than 10 floors).  
Rule doesn’t require anything when P is false. So no need to turn.  

4. **'No fire escape'** → This corresponds to **Q false**.  
We must check whether P is true for this card because if P is true and Q false → violation. So turn it over.  

---

Must turn over: **'Tall building'** (to check if it has fire escape) and **'No fire escape'** (to check if it’s taller than 10 floors).  

ANSWER: Tall building, No fire escape","['Tall building', 'No fire escape']","['P', 'not_Q']",CORRECT,91,408,0
56,T57,0,560042,"If you collect a Pension, you must be Retired.","Rule: ""If you collect a Pension, you must be Retired.""
Cards: ['Retired', 'Still working', 'Collects pension', 'Receives salary']

Which cards must you turn over?
Your answer:","['Retired', 'Still working', 'Collects pension', 'Receives salary']","Let’s break this down step by step.  

**Step 1: Understand the rule**  
Rule: ""If you collect a Pension, you must be Retired.""  
Logical form:  
If P (collects pension) → then R (retired).  
This is equivalent to: P → R.  

**Step 2: Identify logical contrapositive**  
Contrapositive: If not R (not retired) → then not P (does not collect pension).  
So we must check cases where the rule could be violated:  
- Someone who collects pension but is not retired (P true, R false) → violates rule.  
- Someone who is not retired but collects pension → same violation.  

**Step 3: Interpret the cards**  
Cards:  
1. Retired → R true  
2. Still working → not retired (R false)  
3. Collects pension → P true  
4. Receives salary → (doesn’t directly say P or R; salary could be while working or while retired, but not necessarily pension)  

**Step 4: Which cards must be turned over to check rule?**  
We check each card for possible violation:  

- **Retired (R true)**:  
  If R true, rule P → R is automatically satisfied regardless of P (because if R is true, implication is true no matter what P is).  
  So no need to check behind this card for violation.  

- **Still working (not R)**:  
  If not R, then to avoid violation, we must ensure not P (does not collect pension).  
  So we must check behind this card to see if person collects pension.  
  → Must turn over.  

- **Collects pension (P true)**:  
  If P true, then to avoid violation, we must ensure R true (retired).  
  So we must check behind this card to see if person is retired.  
  → Must turn over.  

- **Receives salary**:  
  This is not P (collects pension) necessarily? Not exactly — someone could receive salary and also collect pension (possible if working part-time while retired with pension).  
  But the rule only concerns pension → retired.  
  Salary alone doesn’t directly relate to P or R in the rule.  
  If salary but not pension (P false), rule is satisfied regardless of R.  
  So no need to check behind this card.  

**Step 5: Conclusion**  
Must turn over: Still working, Collects pension.  

ANSWER: Still working, Collects pension","['Still working', 'Collects pension']","['P', 'not_Q']",CORRECT,85,538,0
56,T57,1,560043,"If you collect a Pension, you must be Retired.","Rule: ""If you collect a Pension, you must be Retired.""
Cards: ['Still working', 'Retired', 'Collects pension', 'Receives salary']

Which cards must you turn over?
Your answer:","['Still working', 'Retired', 'Collects pension', 'Receives salary']","Let’s break this down.  

The rule is:  
**If you collect a Pension, you must be Retired.**  
This can be written logically as:  
Collects Pension → Retired  

In logical terms:  
- P = Collects Pension  
- Q = Retired  
- Rule: P → Q  

To test whether the rule is being followed, we need to check for violations.  
A violation occurs when **P is true and Q is false** (i.e., someone collects a pension but is not retired).  

So we must check:  
1. **Cards where P is true** (Collects Pension) → must verify Q is true (Retired).  
2. **Cards where Q is false** (Not Retired) → must verify P is false (not Collecting Pension).  

---

**Given cards:**  
- Still working → This means **not retired** (¬Q).  
- Retired → This means Q is true.  
- Collects pension → This means P is true.  
- Receives salary → This is not directly P or Q, but salary could be received while working or retired; not directly relevant unless it implies ¬Q.  

---

**Step 1 – Identify P (Collects pension):**  
Card “Collects pension” → P is true → must check other side for Q (Retired).  
So turn over “Collects pension” to see if the person is Retired.  

**Step 2 – Identify ¬Q (Not Retired):**  
Card “Still working” → ¬Q is true → must check other side for P (Collects pension).  
So turn over “Still working” to see if they collect a pension.  

**Step 3 – Other cards:**  
- “Retired” → Q is true → no need to check P because rule P → Q doesn’t require anything when Q is true.  
- “Receives salary” → This is irrelevant to P or Q logically (salary doesn’t directly imply pension or retirement status for this rule).  

---

**Conclusion:**  
Must turn over: **Collects pension** and **Still working**.  

ANSWER: Collects pension, Still working","['Collects pension', 'Still working']","['P', 'not_Q']",CORRECT,85,455,0
56,T57,2,560044,"If you collect a Pension, you must be Retired.","Rule: ""If you collect a Pension, you must be Retired.""
Cards: ['Still working', 'Collects pension', 'Retired', 'Receives salary']

Which cards must you turn over?
Your answer:","['Still working', 'Collects pension', 'Retired', 'Receives salary']","Let’s break this down.  

The rule is:  
**If you collect a Pension, you must be Retired.**  
This is a conditional statement:  
If P (collects pension) → then R (retired).  

The logical equivalent for checking violations is:  
We need to find cases where P is true but R is false.  
So we must check **all cards where P is true** (to see if R is false for them) and **all cards where R is false** (to see if P is true for them).  

---

**Cards given:**  
1. Still working → This means **not retired** (R is false).  
   Must check if this person collects a pension (P true). If yes, rule broken.  

2. Collects pension → This means P is true.  
   Must check if this person is retired (R true). If not retired, rule broken.  

3. Retired → This means R is true.  
   Rule says nothing about retired people not collecting pension, so no need to check (P false case is irrelevant here).  

4. Receives salary → This doesn’t directly tell us P or R status.  
   But if receives salary, could still collect pension? Possibly not relevant logically unless we know P or R.  
   Logically: Receives salary doesn’t directly give P or R truth values, so no need to check unless we suspect it implies “not retired” or “not collects pension.” But rule only cares about P → R, so we only need to check cards where we know **P is true** or **R is false**.  
   “Receives salary” alone doesn’t tell us either for sure, so no need to turn.  

---

**Must turn over:**  
- Collects pension (P true) → check R.  
- Still working (R false) → check P.  

---

ANSWER: Collects pension, Still working","['Collects pension', 'Still working']","['P', 'not_Q']",CORRECT,85,403,0
56,T57,3,560045,"If you collect a Pension, you must be Retired.","Rule: ""If you collect a Pension, you must be Retired.""
Cards: ['Collects pension', 'Still working', 'Receives salary', 'Retired']

Which cards must you turn over?
Your answer:","['Collects pension', 'Still working', 'Receives salary', 'Retired']","Let’s break this down.  

The rule is:  
**If you collect a Pension, you must be Retired.**  
In logical form:  
Collects pension → Retired.  

This means:  
- If someone collects a pension, we must check that they are retired.  
- If someone is not retired, we must check that they are not collecting a pension.  

The four cards are:  

1. **Collects pension** → This is the antecedent (P). We must check the consequent (Retired) is true for this person. So turn this card.  
2. **Still working** → This likely means not retired (¬Retired). That’s the negation of the consequent. From contrapositive: ¬Retired → ¬Collects pension. So we must check they are not collecting a pension. Turn this card.  
3. **Receives salary** → This is not directly related to the rule. The rule only links “collects pension” and “retired.” Receiving salary doesn’t violate the rule even if retired or not. So no need to turn.  
4. **Retired** → This is the consequent (Q). If someone is retired, the rule doesn’t require anything about pension (they could collect or not). So no need to turn.  

Thus, the only cards to turn over are: **Collects pension** and **Still working**.  

ANSWER: Collects pension, Still working","['Collects pension', 'Still working']","['P', 'not_Q']",CORRECT,85,300,0
56,T57,4,560046,"If you collect a Pension, you must be Retired.","Rule: ""If you collect a Pension, you must be Retired.""
Cards: ['Retired', 'Still working', 'Receives salary', 'Collects pension']

Which cards must you turn over?
Your answer:","['Retired', 'Still working', 'Receives salary', 'Collects pension']","Let’s break this down step by step.  

**Step 1: Understand the rule**  
Rule: ""If you collect a Pension, you must be Retired.""  
Logical form: If P → R  
Where:  
- P = ""Collects pension""  
- R = ""Retired""  

This means:  
- If someone collects a pension, they must be retired.  
- If someone is not retired, they must not collect a pension.  

**Step 2: Identify what we’re checking**  
We need to test whether the rule is being followed.  
We check each card to see if turning it over could reveal a violation.  

**Step 3: Apply the Wason selection task logic**  
For ""If P then R"":  
- We must check P (to make sure R is true on the other side).  
- We must check not-R (to make sure P is not true on the other side).  

**Step 4: Map cards to logical categories**  
Cards:  
1. ""Retired"" → R (true for R)  
2. ""Still working"" → not-R (false for R)  
3. ""Receives salary"" → irrelevant to P and R in the rule (salary is not mentioned; could be working or retired, but rule only links pension to retired)  
4. ""Collects pension"" → P (true for P)  

**Step 5: Determine which to turn over**  
- P card (""Collects pension""): Must check other side to ensure it says ""Retired"". If it says ""Still working"", rule is broken. → **Must turn**.  
- not-R card (""Still working""): Must check other side to ensure it does **not** say ""Collects pension"". If it says ""Collects pension"", rule is broken. → **Must turn**.  
- R card (""Retired""): Other side could say anything (collects pension or not) — no violation if it says ""Collects salary"" or ""Still working"" (though ""Still working"" contradicts ""Retired"" in real life, but rule only says if pension then retired, not vice versa). So no need to check for rule violation. → **Do not turn**.  
- ""Receives salary"": Irrelevant to rule; salary is not pension, so even if other side says ""Still working"" or ""Retired"", rule is unaffected. → **Do not turn**.  

**Step 6: Conclusion**  
Must turn over: ""Collects pension"" and ""Still working"".  

ANSWER: Collects pension, Still working","['Collects pension', 'Still working']","['P', 'not_Q']",CORRECT,85,542,0
57,T58,0,570042,"If a driver runs a Red light, they receive a Penalty.","Rule: ""If a driver runs a Red light, they receive a Penalty.""
Cards: ['Ran red light', 'Stopped at red', 'Penalty', 'No penalty']

Which cards must you turn over?
Your answer:","['Ran red light', 'Stopped at red', 'Penalty', 'No penalty']","Let’s break this down.  

The rule is:  
**If a driver runs a red light, then they receive a penalty.**  

In logic terms:  
- Let \( P \) = ""runs a red light""  
- Let \( Q \) = ""receives a penalty""  

Rule: \( P \rightarrow Q \) (If P then Q)  

To check if the rule is violated, we look for cases where \( P \) is true but \( Q \) is false.  
That means we must check:  
1. Cards where \( P \) is true (must see if \( Q \) is true for them).  
2. Cards where \( Q \) is false (must see if \( P \) is true for them).  

Cards given:  
1. **Ran red light** → \( P \) is true → must check if \( Q \) is true (i.e., penalty given).  
2. **Stopped at red** → \( P \) is false → no need to check (rule says nothing about when P is false).  
3. **Penalty** → \( Q \) is true → no need to check (rule doesn’t forbid penalty when P is false).  
4. **No penalty** → \( Q \) is false → must check if \( P \) is true (i.e., if they ran red light).  

So we must turn over:  
- **Ran red light** (to ensure penalty was given)  
- **No penalty** (to ensure they didn’t run red light)  

ANSWER: Ran red light, No penalty","['Ran red light', 'No penalty']","['P', 'not_Q']",CORRECT,89,326,0
57,T58,1,570043,"If a driver runs a Red light, they receive a Penalty.","Rule: ""If a driver runs a Red light, they receive a Penalty.""
Cards: ['Penalty', 'Stopped at red', 'No penalty', 'Ran red light']

Which cards must you turn over?
Your answer:","['Penalty', 'Stopped at red', 'No penalty', 'Ran red light']","Let’s break this down.  

The rule is:  
> If a driver runs a Red light, they receive a Penalty.  

In logical form:  
- If **P** (runs a red light), then **Q** (receive a penalty).  
- Contrapositive: If **not Q** (no penalty), then **not P** (did not run a red light).  

We need to check cards to see if the rule is violated.  
A violation would be: **P true and Q false** (ran red light but did not receive penalty).  

Cards:  
1. **Penalty** → This is **Q true**.  
   - From **Q true**, we cannot infer anything about P (could have run red light or not).  
   - No violation possible from seeing Q true alone.  
   - So **do not need to turn** this card.  

2. **Stopped at red** → This is **P false** (did not run red light).  
   - If P is false, Q can be true or false without violating the rule.  
   - So **do not need to turn** this card.  

3. **No penalty** → This is **Q false**.  
   - If Q false, then to avoid violation, P must be false (must not have run red light).  
   - We must check the other side to ensure P is false.  
   - So **must turn** this card.  

4. **Ran red light** → This is **P true**.  
   - If P true, then Q must be true (must receive penalty) to avoid violation.  
   - We must check the other side to ensure Q is true.  
   - So **must turn** this card.  

Cards to turn over: **No penalty** and **Ran red light**.  

ANSWER: No penalty, Ran red light","['No penalty', 'Ran red light']","['P', 'not_Q']",CORRECT,89,394,0
57,T58,2,570044,"If a driver runs a Red light, they receive a Penalty.","Rule: ""If a driver runs a Red light, they receive a Penalty.""
Cards: ['No penalty', 'Stopped at red', 'Ran red light', 'Penalty']

Which cards must you turn over?
Your answer:","['No penalty', 'Stopped at red', 'Ran red light', 'Penalty']","Let’s break this down.  

The rule is:  
**If a driver runs a red light, they receive a penalty.**  

In logical terms:  
- Let \( P \) = ""runs a red light""  
- Let \( Q \) = ""receives a penalty""  
Rule: \( P \rightarrow Q \)  

The contrapositive is:  
\( \neg Q \rightarrow \neg P \)  
(i.e., if no penalty, then did not run a red light)  

We have four cards:  
1. **No penalty** → \(\neg Q\)  
2. **Stopped at red** → \(\neg P\)  
3. **Ran red light** → \(P\)  
4. **Penalty** → \(Q\)  

For \( P \rightarrow Q \), we check:  
- **Cards that could violate the rule**:  
  - \(P\) true but \(Q\) false (i.e., ""Ran red light"" but no penalty)  
  - \(\neg Q\) true but \(P\) true (same as above, but checking from \(\neg Q\) side)  

So we must check:  
1. **Ran red light** (\(P\)): must see if other side is ""Penalty"" or not. If it's ""No penalty"", rule broken.  
2. **No penalty** (\(\neg Q\)): must see if other side is ""Ran red light"". If yes, rule broken.  

Other cards:  
- **Stopped at red** (\(\neg P\)): rule says nothing about when \(P\) is false; could have penalty or not, no violation.  
- **Penalty** (\(Q\)): when \(Q\) is true, \(P\) could be true or false; no violation either way.  

So only two cards must be turned over: **Ran red light** and **No penalty**.  

ANSWER: Ran red light, No penalty","['Ran red light', 'No penalty']","['P', 'not_Q']",CORRECT,89,400,0
57,T58,3,570045,"If a driver runs a Red light, they receive a Penalty.","Rule: ""If a driver runs a Red light, they receive a Penalty.""
Cards: ['No penalty', 'Penalty', 'Ran red light', 'Stopped at red']

Which cards must you turn over?
Your answer:","['No penalty', 'Penalty', 'Ran red light', 'Stopped at red']","Let’s break this down.  

The rule is:  
**If a driver runs a red light, then they receive a penalty.**  

In logical form:  
- **P**: ""runs a red light""  
- **Q**: ""receives a penalty""  
Rule: **If P then Q** (P → Q)  

The logical checking task for a conditional statement P → Q is:  
We must check for violations where **P is true but Q is false**.  
So we need to turn over any card where:  
1. **P is true** (must check Q is true) → ""Ran red light""  
2. **Q is false** (must check P is false) → ""No penalty""  

---

**Cards given:**  
1. **No penalty** → This is ¬Q (Q false). Must check that P is false (i.e., didn’t run red light).  
2. **Penalty** → This is Q true. No need to check because if Q is true, P could be true or false without violating the rule.  
3. **Ran red light** → This is P true. Must check that Q is true (i.e., got penalty).  
4. **Stopped at red** → This is ¬P (P false). No need to check because if P is false, Q can be true or false without violating the rule.  

---

**Must turn over:**  
- ""Ran red light"" (P true)  
- ""No penalty"" (Q false)  

---

ANSWER: Ran red light, No penalty","['Ran red light', 'No penalty']","['P', 'not_Q']",CORRECT,89,331,0
57,T58,4,570046,"If a driver runs a Red light, they receive a Penalty.","Rule: ""If a driver runs a Red light, they receive a Penalty.""
Cards: ['Penalty', 'Stopped at red', 'Ran red light', 'No penalty']

Which cards must you turn over?
Your answer:","['Penalty', 'Stopped at red', 'Ran red light', 'No penalty']","Let’s break this down.  

The rule is:  
**If a driver runs a red light, they receive a penalty.**  
This can be written logically as:  
\[
\text{Ran red light} \implies \text{Penalty}
\]  

In logical terms:  
- **P**: Ran red light  
- **Q**: Penalty  
- Statement: \( P \implies Q \)  

To check if the rule is being followed, we need to test for violations.  
A violation occurs when \( P \) is true and \( Q \) is false, i.e., **Ran red light** but **No penalty**.  

We have four cards:  

1. **Penalty** → This is \( Q \) true.  
   If \( Q \) is true, \( P \) could be true or false; no violation possible from seeing \( Q \) true alone. So no need to check the other side for violation.  

2. **Stopped at red** → This is \( P \) false.  
   If \( P \) is false, \( P \implies Q \) is automatically true regardless of \( Q \). So no violation possible.  

3. **Ran red light** → This is \( P \) true.  
   If \( P \) is true, then \( Q \) must be true to avoid violation. So we must check the other side to see if there is **Penalty** or not.  

4. **No penalty** → This is \( Q \) false.  
   If \( Q \) is false, then \( P \) must be false to avoid violation. So we must check the other side to see if they **Ran red light** or not.  

Thus, the cards we must turn over are:  
- **Ran red light** (to ensure Penalty on back)  
- **No penalty** (to ensure they did not run a red light on back)  

ANSWER: Ran red light, No penalty","['Ran red light', 'No penalty']","['P', 'not_Q']",CORRECT,89,402,0
58,T59,0,580042,"If you are a Pilot, you must have a valid Medical certificate.","Rule: ""If you are a Pilot, you must have a valid Medical certificate.""
Cards: ['Passenger', 'No certificate', 'Pilot', 'Medical certificate']

Which cards must you turn over?
Your answer:","['Passenger', 'No certificate', 'Pilot', 'Medical certificate']","Let’s break this down.  

The rule is:  
**If you are a Pilot, you must have a valid Medical certificate.**  

In logical form:  
If **Pilot** → **Medical certificate**.  

Contrapositive:  
If **no Medical certificate** → **not a Pilot**.  

We need to check only cards that could violate the rule.  
The four cards are:  

1. **Passenger**  
2. **No certificate**  
3. **Pilot**  
4. **Medical certificate**  

---

**Step 1 – Identify potential violations**  
- The rule says nothing about non-Pilots (they can have or not have a certificate without breaking the rule).  
- We check each card:  

**Card: Passenger**  
- This is not a Pilot, so the rule’s “if” part is false → rule not violated regardless of what’s on the other side.  
- No need to turn.  

**Card: No certificate**  
- If this person is a Pilot on the other side, that violates the rule (Pilot without certificate).  
- Must turn to check if other side says “Pilot”.  

**Card: Pilot**  
- This is a Pilot, so we must check the other side for “Medical certificate”.  
- If other side is not “Medical certificate”, rule is violated.  
- Must turn.  

**Card: Medical certificate**  
- This person has a certificate, so even if they are a Pilot, rule is satisfied.  
- If they are not a Pilot, still fine.  
- No need to turn (having a certificate never breaks the rule, regardless of job).  

---

**Step 2 – Conclusion**  
Must turn: **No certificate** and **Pilot**.  

---

ANSWER: No certificate, Pilot","['No certificate', 'Pilot']","['P', 'not_Q']",CORRECT,85,375,0
58,T59,1,580043,"If you are a Pilot, you must have a valid Medical certificate.","Rule: ""If you are a Pilot, you must have a valid Medical certificate.""
Cards: ['Passenger', 'Medical certificate', 'No certificate', 'Pilot']

Which cards must you turn over?
Your answer:","['Passenger', 'Medical certificate', 'No certificate', 'Pilot']","Let’s break this down.  

The rule is:  
**If you are a Pilot, you must have a valid Medical certificate.**  

This is a conditional statement of the form:  
If **P** (Pilot), then **M** (Medical certificate).  

In logical terms:  
P → M  

---

**Step 1 – Identify what each card represents logically**  
- **Passenger** → Not a Pilot (¬P)  
- **Medical certificate** → Has a Medical certificate (M)  
- **No certificate** → Does not have a Medical certificate (¬M)  
- **Pilot** → Is a Pilot (P)  

---

**Step 2 – Determine which cards must be checked to test the rule**  
To test P → M, we look for possible violations:  
1. **P and ¬M** would violate the rule.  
   So we must check any card that is **P** (Pilot) to see if the other side is ¬M.  
   And we must check any card that is **¬M** (No certificate) to see if the other side is P.  

---

**Step 3 – Apply to each card**  
- **Passenger (¬P)**:  
  If someone is not a Pilot, the rule says nothing about whether they have a Medical certificate or not.  
  So no need to check.  

- **Medical certificate (M)**:  
  If someone has a Medical certificate, they could be a Pilot (allowed) or not a Pilot (also allowed).  
  No violation possible here regardless of the other side.  

- **No certificate (¬M)**:  
  If someone has no Medical certificate, they must **not** be a Pilot.  
  We must check this card to ensure the other side is not Pilot.  

- **Pilot (P)**:  
  If someone is a Pilot, they must have a Medical certificate.  
  We must check this card to ensure the other side is Medical certificate.  

---

**Step 4 – Conclusion**  
Cards to turn over: **Pilot** and **No certificate**.  

---

ANSWER: Pilot, No certificate","['Pilot', 'No certificate']","['P', 'not_Q']",CORRECT,85,451,0
58,T59,2,580044,"If you are a Pilot, you must have a valid Medical certificate.","Rule: ""If you are a Pilot, you must have a valid Medical certificate.""
Cards: ['No certificate', 'Passenger', 'Medical certificate', 'Pilot']

Which cards must you turn over?
Your answer:","['No certificate', 'Passenger', 'Medical certificate', 'Pilot']","Let’s break this down.  

The rule is:  
**If you are a Pilot, you must have a valid Medical certificate.**  

This is a conditional statement of the form:  
If **P** (Pilot), then **Q** (Medical certificate).  

In logical terms:  
P → Q  

To check violations, we need to find cases where **P is true but Q is false**.  
That means we must check:  
1. Cards where **P is true** (Pilot) → must verify the other side has Medical certificate.  
2. Cards where **Q is false** (No certificate) → must verify the other side is **not** Pilot (because if it were Pilot, rule broken).  

---

**Cards given:**  

1. **No certificate** → This is **not Q** (no medical certificate).  
   Must check: if the other side says ""Pilot"", rule is broken. So turn this card.  

2. **Passenger** → This is **not P** (not Pilot).  
   Rule only says: If Pilot → Medical certificate.  
   If not Pilot, rule says nothing about needing/not needing certificate. So no need to check.  

3. **Medical certificate** → This is **Q** (has certificate).  
   If other side is Pilot → rule satisfied.  
   If other side is not Pilot → rule not violated.  
   So no need to check.  

4. **Pilot** → This is **P** (Pilot).  
   Must check: other side must be Medical certificate. So turn this card.  

---

**Cards to turn over:**  
- **Pilot** (to check if Medical certificate on back)  
- **No certificate** (to check if Pilot on back)  

---

ANSWER: Pilot, No certificate","['Pilot', 'No certificate']","['P', 'not_Q']",CORRECT,85,378,0
58,T59,3,580045,"If you are a Pilot, you must have a valid Medical certificate.","Rule: ""If you are a Pilot, you must have a valid Medical certificate.""
Cards: ['No certificate', 'Passenger', 'Pilot', 'Medical certificate']

Which cards must you turn over?
Your answer:","['No certificate', 'Passenger', 'Pilot', 'Medical certificate']","Let’s break this down.  

The rule is:  
**If you are a Pilot, you must have a valid Medical certificate.**  

In logical terms:  
P = You are a Pilot  
M = You have a valid Medical certificate  

Rule: **If P, then M** (P → M)  

The logical equivalent for checking violations is:  
We need to find cases where **P is true and M is false**.  
So we must check **all cards where P is true** (to see if M is false for them)  
and **all cards where M is false** (to see if P is true for them).  

---

**Cards given:**  

1. **No certificate** → This means M is false.  
   We must check this card because if someone is a Pilot (P true) and has “No certificate,” that violates the rule.  

2. **Passenger** → This means P is false (not a Pilot).  
   Rule only says if Pilot then certificate; it says nothing about non-Pilots. So no need to check.  

3. **Pilot** → This means P is true.  
   We must check this card to see if they have a Medical certificate (M true). If they don’t, it violates the rule.  

4. **Medical certificate** → This means M is true.  
   Rule does not require non-Pilots to lack a certificate, so M true alone doesn’t violate anything. No need to check.  

---

**Must turn over:**  
- **No certificate** (to see if they are a Pilot)  
- **Pilot** (to see if they have a certificate)  

---

ANSWER: No certificate, Pilot","['No certificate', 'Pilot']","['P', 'not_Q']",CORRECT,85,357,0
58,T59,4,580046,"If you are a Pilot, you must have a valid Medical certificate.","Rule: ""If you are a Pilot, you must have a valid Medical certificate.""
Cards: ['Passenger', 'Pilot', 'Medical certificate', 'No certificate']

Which cards must you turn over?
Your answer:","['Passenger', 'Pilot', 'Medical certificate', 'No certificate']","Let’s break this down.  

The rule is:  
**If you are a Pilot, you must have a valid Medical certificate.**  

In logical form:  
If **Pilot** → **must have Medical certificate**.  
Contrapositive: If **no Medical certificate** → **not a Pilot**.  

We have four cards:  

1. **Passenger**  
2. **Pilot**  
3. **Medical certificate**  
4. **No certificate**  

We need to check only those cards that could violate the rule.  

---

**Step 1 – Identify what the rule is checking**  
The rule only applies to Pilots. It doesn’t say anything about Passengers needing or not needing a Medical certificate.  
We must ensure:  
- For any Pilot, there is a Medical certificate.  
- If someone has no Medical certificate, they must not be a Pilot.  

---

**Step 2 – Check each card**  

- **Passenger** – Not mentioned in the rule. Flipping it won’t test the rule, because the rule is about Pilots, not Passengers. So **no need to turn**.  

- **Pilot** – Must check the other side to see if there is a Medical certificate. If there’s no Medical certificate, rule is broken. So **must turn**.  

- **Medical certificate** – The rule doesn’t require that only Pilots have Medical certificates; a Passenger could have one without breaking the rule. So flipping this card is irrelevant to testing the rule. **No need to turn**.  

- **No certificate** – If someone has no certificate, they must not be a Pilot. So we must flip to check if the other side says Pilot. If it does, rule is broken. So **must turn**.  

---

**Step 3 – Conclusion**  
Cards to turn: **Pilot** and **No certificate**.  

---

ANSWER: Pilot, No certificate","['Pilot', 'No certificate']","['P', 'not_Q']",CORRECT,85,402,0
59,T60,0,590042,"If a product is Recalled, it must be Removed from shelves.","Rule: ""If a product is Recalled, it must be Removed from shelves.""
Cards: ['Normal product', 'Still on shelves', 'Recalled product', 'Removed']

Which cards must you turn over?
Your answer:","['Normal product', 'Still on shelves', 'Recalled product', 'Removed']","Let’s break this down.  

**Rule:**  
""If a product is Recalled, it must be Removed from shelves.""  
Logical form:  
If Recalled → Removed from shelves.  
Contrapositive: If Not Removed from shelves → Not Recalled.  

**Cards:**  
1. Normal product → This means ""Not Recalled.""  
   - Rule says nothing about non-recalled products, so no need to check.  
2. Still on shelves → This means ""Not Removed from shelves.""  
   - Contrapositive says: If Not Removed → Not Recalled.  
   - We must check this card to ensure it is not Recalled.  
3. Recalled product → This means ""Recalled.""  
   - Rule says: If Recalled → Removed from shelves.  
   - We must check this card to ensure it is Removed.  
4. Removed → This means ""Removed from shelves.""  
   - Rule does not require anything if Removed (could be Recalled or not Recalled).  
   - No need to check.  

**Must turn over:**  
- ""Still on shelves"" (to check it’s not Recalled)  
- ""Recalled product"" (to check it’s Removed)  

ANSWER: Still on shelves, Recalled product","['Still on shelves', 'Recalled product']","['P', 'not_Q']",CORRECT,88,276,0
59,T60,1,590043,"If a product is Recalled, it must be Removed from shelves.","Rule: ""If a product is Recalled, it must be Removed from shelves.""
Cards: ['Still on shelves', 'Normal product', 'Removed', 'Recalled product']

Which cards must you turn over?
Your answer:","['Still on shelves', 'Normal product', 'Removed', 'Recalled product']","Let’s break this down.  

The rule is:  
**If a product is Recalled, it must be Removed from shelves.**  

In logical terms:  
- If Recalled → Removed.  
- Contrapositive: If Not Removed → Not Recalled.  

We have four cards:  

1. **Still on shelves** → This means *not removed*.  
   From the contrapositive: If not removed → not recalled.  
   We need to check if this card violates the rule. If it’s “Still on shelves” but also “Recalled,” that would break the rule. So we must turn it over to check the other side for “Recalled.”  

2. **Normal product** → This means *not recalled*.  
   The rule says nothing about products that are not recalled; they could be removed or not removed without breaking the rule. So no need to check.  

3. **Removed** → This means *removed from shelves*.  
   The rule says: If recalled → removed. It does **not** say: If removed → recalled. So a removed product could be recalled or not recalled; either way it doesn’t break the rule. So no need to check.  

4. **Recalled product** → This means *recalled*.  
   The rule says: If recalled → removed. So we must check if this product is removed. If it’s not removed, the rule is broken. So we must turn it over to check the other side for “Removed.”  

**Cards to turn over:**  
- Still on shelves (to check if it’s recalled)  
- Recalled product (to check if it’s removed)  

ANSWER: Still on shelves, Recalled product","['Still on shelves', 'Recalled product']","['P', 'not_Q']",CORRECT,88,363,0
59,T60,2,590044,"If a product is Recalled, it must be Removed from shelves.","Rule: ""If a product is Recalled, it must be Removed from shelves.""
Cards: ['Removed', 'Recalled product', 'Still on shelves', 'Normal product']

Which cards must you turn over?
Your answer:","['Removed', 'Recalled product', 'Still on shelves', 'Normal product']","Let’s break this down.  

The rule is:  
> If a product is Recalled, it must be Removed from shelves.  

In logical form:  
**If Recalled → Removed**  

Contrapositive:  
**If Not Removed → Not Recalled**  

We have four cards:  

1. **Removed**  
2. **Recalled product**  
3. **Still on shelves**  
4. **Normal product**  

We need to check only the cards necessary to verify the rule holds.  

---

**Step 1 – Identify what each card represents in terms of the rule**  

- **Removed** → This means “Removed from shelves” is true.  
  In logic: “Removed” is the consequent (right side of the rule).  
  Rule says: Recalled → Removed.  
  If we see “Removed”, does that tell us if the rule was violated?  
  No — because if something is Removed, it could still be Recalled (rule satisfied) or Not Recalled (rule irrelevant).  
  So “Removed” card does **not** need to be turned over.  

- **Recalled product** → This means “Recalled” is true.  
  In logic: “Recalled” is the antecedent (left side of the rule).  
  If Recalled is true, then we must check if it is Removed.  
  If it’s not Removed, rule is violated.  
  So **must turn over** “Recalled product” card to check the other side for “Removed” or not.  

- **Still on shelves** → This means “Not Removed”.  
  In logic: “Not Removed” → by contrapositive, must be “Not Recalled”.  
  So if “Still on shelves” is true, we must check if it is Recalled.  
  If it is Recalled, rule is violated.  
  So **must turn over** “Still on shelves” card to check the other side for “Recalled” or not.  

- **Normal product** → This means “Not Recalled”.  
  In logic: If Not Recalled, rule doesn’t apply (antecedent false).  
  So no need to check — rule can’t be violated.  
  So **do not turn over** “Normal product”.  

---

**Step 2 – Conclusion**  

Must turn over:  
- Recalled product  
- Still on shelves  

---

ANSWER: Recalled product, Still on shelves","['Recalled product', 'Still on shelves']","['P', 'not_Q']",CORRECT,88,532,0
59,T60,3,590045,"If a product is Recalled, it must be Removed from shelves.","Rule: ""If a product is Recalled, it must be Removed from shelves.""
Cards: ['Recalled product', 'Normal product', 'Removed', 'Still on shelves']

Which cards must you turn over?
Your answer:","['Recalled product', 'Normal product', 'Removed', 'Still on shelves']","Let’s break this down.  

The rule is:  
**If a product is Recalled, it must be Removed from shelves.**  

In logic terms:  
- If **Recalled** → **Removed** (not removed → not recalled).  

We have four cards:  

1. **Recalled product** (shows ""Recalled"" status)  
2. **Normal product** (shows ""Not recalled"")  
3. **Removed** (shows ""Removed"" status)  
4. **Still on shelves** (shows ""Not removed"")  

We need to check only those cards that could violate the rule.  

---

**Step 1 – Identify what violates the rule**  
Violation: A product that is **Recalled** but **not Removed**.  
So we need to find any recalled product that is still on shelves.  

---

**Step 2 – Check each card**  

- **Card 1: Recalled product**  
  We must check the other side to see if it says ""Still on shelves"" (which would break the rule).  
  → **Must turn over**.  

- **Card 2: Normal product**  
  The rule only applies if recalled. If it’s normal, the rule doesn’t require it to be removed.  
  → No need to turn over.  

- **Card 3: Removed**  
  If a product is removed, the rule doesn’t tell us whether it was recalled or not — it could be removed for other reasons.  
  → No need to turn over.  

- **Card 4: Still on shelves**  
  If a product is still on shelves, we must check if it’s recalled (because if it is recalled and still on shelves, that breaks the rule).  
  → **Must turn over**.  

---

**Step 3 – Conclusion**  
Cards to turn over: **Recalled product** and **Still on shelves**.  

---

ANSWER: Recalled product, Still on shelves","['Recalled product', 'Still on shelves']","['P', 'not_Q']",CORRECT,88,421,0
59,T60,4,590046,"If a product is Recalled, it must be Removed from shelves.","Rule: ""If a product is Recalled, it must be Removed from shelves.""
Cards: ['Normal product', 'Removed', 'Still on shelves', 'Recalled product']

Which cards must you turn over?
Your answer:","['Normal product', 'Removed', 'Still on shelves', 'Recalled product']","Let’s break this down.  

**Rule:**  
""If a product is Recalled, it must be Removed from shelves.""  
Logical form:  
If Recalled → Removed from shelves.  
Contrapositive: If Not Removed from shelves → Not Recalled.  

**Cards given:**  
1. Normal product → Not Recalled (assume ""Normal"" means not recalled)  
2. Removed → Possibly recalled or not recalled, but rule doesn’t require removal only if recalled.  
3. Still on shelves → Not Removed.  
4. Recalled product → Recalled.  

**Checking each card:**  
We need to test only cards that could violate the rule.  

- **Card 1: Normal product**  
  Rule says: If Recalled → Removed.  
  Normal product means not recalled, so rule’s ""if"" condition is false → no violation possible.  
  → No need to check.  

- **Card 2: Removed**  
  Rule says: If Recalled → Removed.  
  This card says Removed. Could it be recalled? Possibly yes, but that’s fine (rule says recalled must be removed, and it is removed). Could it be not recalled? That’s also fine.  
  Flipping this card tells us nothing about violation, because the rule doesn’t say ""if removed then recalled"" (converse error).  
  → No need to check.  

- **Card 3: Still on shelves**  
  This means Not Removed.  
  Rule’s contrapositive: If Not Removed → Not Recalled.  
  So we must check this card to ensure it’s Not Recalled. If it were Recalled, that would violate the contrapositive (and thus the original rule).  
  → Must check.  

- **Card 4: Recalled product**  
  This means Recalled.  
  Rule says: If Recalled → Removed.  
  So we must check this card to ensure it is Removed. If it’s not removed, rule is violated.  
  → Must check.  

**Conclusion:** Must turn over ""Still on shelves"" and ""Recalled product"".  

ANSWER: Still on shelves, Recalled product","['Still on shelves', 'Recalled product']","['P', 'not_Q']",CORRECT,88,472,0
60,T61,0,600042,"If a minor is Out past curfew, they must have Parental permission.","Rule: ""If a minor is Out past curfew, they must have Parental permission.""
Cards: ['No permission', 'Has permission', 'Home on time', 'Out past curfew']

Which cards must you turn over?
Your answer:","['No permission', 'Has permission', 'Home on time', 'Out past curfew']","Let’s break this down.  

**Rule:**  
""If a minor is Out past curfew, they must have Parental permission.""  
Logical form:  
If **Out past curfew** → **must have Parental permission**.  

**Contrapositive:**  
If **does not have Parental permission** → **must not be Out past curfew** (i.e., must be Home on time).  

---

**Cards given:**  
1. No permission  
2. Has permission  
3. Home on time  
4. Out past curfew  

---

**Check each card for necessity to verify rule:**  

- **Card 1: ""No permission""**  
  If someone has no permission, the rule says they must not be Out past curfew.  
  We need to check the other side: if it says ""Out past curfew"" on the back, the rule is broken.  
  So we must turn this card.  

- **Card 2: ""Has permission""**  
  Rule says: If out past curfew → must have permission.  
  Having permission does not violate the rule even if out past curfew (it’s allowed).  
  Also, if they have permission but are home on time, that’s fine.  
  So no need to turn this card.  

- **Card 3: ""Home on time""**  
  Rule only applies if out past curfew.  
  If home on time, no requirement about permission.  
  So no need to turn this card.  

- **Card 4: ""Out past curfew""**  
  Rule says if out past curfew → must have permission.  
  We must check the other side to see if they have permission.  
  If they don’t, rule is broken.  
  So we must turn this card.  

---

**Cards to turn:**  
""No permission"" and ""Out past curfew"".  

---

ANSWER: No permission, Out past curfew","['No permission', 'Out past curfew']","['P', 'not_Q']",CORRECT,90,411,0
60,T61,1,600043,"If a minor is Out past curfew, they must have Parental permission.","Rule: ""If a minor is Out past curfew, they must have Parental permission.""
Cards: ['Home on time', 'No permission', 'Out past curfew', 'Has permission']

Which cards must you turn over?
Your answer:","['Home on time', 'No permission', 'Out past curfew', 'Has permission']","Let’s break this down.  

The rule is:  
> If a minor is Out past curfew, they must have Parental permission.  

In logical form:  
If **Out past curfew (P)**, then **Parental permission (Q)**.  
P → Q  

We have four cards:  

1. **Home on time** → This is **not P** (not out past curfew).  
2. **No permission** → This is **not Q** (does not have permission).  
3. **Out past curfew** → This is **P**.  
4. **Has permission** → This is **Q**.  

---

To check if the rule is violated, we need to look for cases where **P is true but Q is false**.  
So we must check:  
- Any card where **P is true** (Out past curfew) → must verify Q is true.  
- Any card where **Q is false** (No permission) → must verify P is false.  

---

**Card 1: Home on time** → P is false.  
No need to check for violation because P → Q is only violated if P true and Q false.  

**Card 2: No permission** → Q is false.  
We must check if P is true (if they are out past curfew). If yes, rule broken. So **turn this card**.  

**Card 3: Out past curfew** → P is true.  
We must check if Q is true (has permission). If not, rule broken. So **turn this card**.  

**Card 4: Has permission** → Q is true.  
Rule says nothing about when Q is true; P could be true or false, both okay. So no need to check.  

---

Cards to turn over: **Out past curfew** and **No permission**.  

ANSWER: Out past curfew, No permission","['Out past curfew', 'No permission']","['P', 'not_Q']",CORRECT,90,400,0
60,T61,2,600044,"If a minor is Out past curfew, they must have Parental permission.","Rule: ""If a minor is Out past curfew, they must have Parental permission.""
Cards: ['Home on time', 'Out past curfew', 'No permission', 'Has permission']

Which cards must you turn over?
Your answer:","['Home on time', 'Out past curfew', 'No permission', 'Has permission']","Let’s break this down.  

**Step 1 – Restate the rule in logical form**  
Rule: *If a minor is Out past curfew, they must have Parental permission.*  
This is:  
If **Out past curfew** → **must have Parental permission**.  

In logic:  
P = ""Out past curfew""  
Q = ""Has permission""  
Rule: P → Q  

**Step 2 – Understand what needs to be checked**  
To test if the rule is being followed, we check:  
1. **Cards where P is true** (Out past curfew) → must verify Q is true (Has permission).  
2. **Cards where Q is false** (No permission) → must verify P is false (not Out past curfew).  

These are the two relevant cases for verifying a conditional statement.  

**Step 3 – List the cards and map them to P and Q**  
- 'Home on time' → Not P (not out past curfew), Q status unknown (could have permission or not, but irrelevant to rule because P is false).  
- 'Out past curfew' → P is true → must check if Q is true (Has permission).  
- 'No permission' → Q is false → must check if P is false (not Out past curfew).  
- 'Has permission' → Q is true → P can be true or false without breaking rule.  

**Step 4 – Determine which cards must be turned over**  
We must turn over:  
1. **Out past curfew** (P true) → to check if they have permission.  
2. **No permission** (Q false) → to check if they are out past curfew.  

'Home on time' and 'Has permission' do not need to be checked because:  
- 'Home on time' (not P) → rule doesn’t require anything.  
- 'Has permission' (Q true) → rule is satisfied regardless of P.  

**Step 5 – Final answer**  
ANSWER: Out past curfew, No permission","['Out past curfew', 'No permission']","['P', 'not_Q']",CORRECT,90,438,0
60,T61,3,600045,"If a minor is Out past curfew, they must have Parental permission.","Rule: ""If a minor is Out past curfew, they must have Parental permission.""
Cards: ['Out past curfew', 'Home on time', 'No permission', 'Has permission']

Which cards must you turn over?
Your answer:","['Out past curfew', 'Home on time', 'No permission', 'Has permission']","Let’s break this down.  

The rule is:  
**If a minor is Out past curfew, they must have Parental permission.**  

This is a conditional statement:  
**If P (Out past curfew), then Q (must have Parental permission).**  

In logic terms:  
P → Q  

To check violations, we need to find cases where **P is true and Q is false**.  
That means:  
- We must check **P true** cards to see if Q is false.  
- We do **not** need to check cards where P is false (because the rule says nothing about them).  
- We do **not** need to check cards where Q is true (because if Q is true, the rule is satisfied regardless of P).  

---

**Cards given:**  
1. **Out past curfew** → P is true → must check if Q is false (No permission).  
2. **Home on time** → P is false → no need to check.  
3. **No permission** → Q is false → must check if P is true (Out past curfew).  
4. **Has permission** → Q is true → no need to check.  

---

**Which cards must be turned over?**  
- Turn over **Out past curfew** to see if they have permission.  
- Turn over **No permission** to see if they are out past curfew.  

---

ANSWER: Out past curfew, No permission","['Out past curfew', 'No permission']","['P', 'not_Q']",CORRECT,90,308,0
60,T61,4,600046,"If a minor is Out past curfew, they must have Parental permission.","Rule: ""If a minor is Out past curfew, they must have Parental permission.""
Cards: ['Has permission', 'Out past curfew', 'No permission', 'Home on time']

Which cards must you turn over?
Your answer:","['Has permission', 'Out past curfew', 'No permission', 'Home on time']","Let’s break this down.  

**Rule:**  
""If a minor is Out past curfew, they must have Parental permission.""  
Logical form:  
If **Out past curfew** → **must have Parental permission**.  

This is equivalent to:  
If **Out past curfew**, then **Has permission**.  

Contrapositive:  
If **No permission**, then **not Out past curfew** (i.e., must be Home on time).  

---

**Cards given:**  
1. Has permission  
2. Out past curfew  
3. No permission  
4. Home on time  

---

**Checking each card for necessity to verify rule:**  

- **""Has permission""** →  
  Rule says: If out past curfew → must have permission.  
  Finding someone with permission doesn’t test the rule, because they could have permission and still be home on time (rule doesn’t forbid that).  
  So **not necessary** to turn.  

- **""Out past curfew""** →  
  Must check if they have permission. If they don’t, rule is broken.  
  So **must turn** this card.  

- **""No permission""** →  
  Must check they are not out past curfew (contrapositive). If they are out past curfew, rule is broken.  
  So **must turn** this card.  

- **""Home on time""** →  
  Rule only applies to those out past curfew. Someone home on time doesn’t violate rule regardless of permission.  
  So **not necessary** to turn.  

---

**Must turn over:** Out past curfew, No permission.  

ANSWER: Out past curfew, No permission","['Out past curfew', 'No permission']","['P', 'not_Q']",CORRECT,90,361,0
61,T62,0,610042,"If a vehicle is Unregistered, it cannot be Driven legally.","Rule: ""If a vehicle is Unregistered, it cannot be Driven legally.""
Cards: ['Unregistered', 'Can drive', 'Registered', 'Cannot drive legally']

Which cards must you turn over?
Your answer:","['Unregistered', 'Can drive', 'Registered', 'Cannot drive legally']","Let’s break this down.  

The rule is:  
**If a vehicle is Unregistered, it cannot be Driven legally.**  
In logical form:  
If **Unregistered** → **Cannot drive legally**.  

We have four cards:  
1. **Unregistered**  
2. **Can drive**  
3. **Registered**  
4. **Cannot drive legally**  

We need to check only the cards that could violate the rule.  

---

**Step 1 – Identify the logical structure**  
Let:  
- **U** = Unregistered  
- **¬U** = Registered (not unregistered)  
- **D** = Can drive legally  
- **¬D** = Cannot drive legally  

Rule: **U → ¬D** (If Unregistered, then Cannot drive legally).  

Contrapositive: **D → ¬U** (If Can drive legally, then Registered).  

---

**Step 2 – Which cards to turn to test the rule?**  
We check possible violations:  

1. **U card (Unregistered)** – Must check the other side to ensure it is **¬D** (Cannot drive legally). If it were **D**, that would violate the rule. So **must turn**.  

2. **Can drive (D)** – If the other side is **U**, that would violate **D → ¬U** (contrapositive). So **must turn**.  

3. **Registered (¬U)** – Rule says nothing about registered vehicles (they could drive legally or not, no restriction). So no need to turn.  

4. **Cannot drive legally (¬D)** – If the other side is **U**, that’s fine (rule says U → ¬D, so ¬D is allowed). If other side is ¬U, also fine. So no need to turn.  

---

**Step 3 – Conclusion**  
Must turn: **Unregistered** and **Can drive**.  

---

ANSWER: Unregistered, Can drive","['Unregistered', 'Can drive']","['P', 'not_Q']",CORRECT,84,411,0
61,T62,1,610043,"If a vehicle is Unregistered, it cannot be Driven legally.","Rule: ""If a vehicle is Unregistered, it cannot be Driven legally.""
Cards: ['Registered', 'Cannot drive legally', 'Unregistered', 'Can drive']

Which cards must you turn over?
Your answer:","['Registered', 'Cannot drive legally', 'Unregistered', 'Can drive']","Let’s break this down.  

The rule is:  
> If a vehicle is Unregistered, it cannot be Driven legally.  

In logical form:  
- If **Unregistered** → **Cannot drive legally**.  
- Contrapositive: If **Can drive legally** → **Registered**.  

We have four cards:  
1. Registered  
2. Cannot drive legally  
3. Unregistered  
4. Can drive  

We need to check only cards that could violate the rule.  
For “If P then Q” (P = Unregistered, Q = Cannot drive legally), possible violations are:  
- P true and Q false (Unregistered but **Can drive legally**).  

So we must check:  
- Any card showing **P (Unregistered)** → must check other side for Q (should be “Cannot drive legally”).  
- Any card showing **not Q (Can drive legally)** → must check other side for not P (should be “Registered”).  

Now check each card:  

1. **Registered** → This is **not P** (not Unregistered).  
   - Rule says nothing about Registered vehicles (they could drive legally or not).  
   - No need to check this one for violation.  

2. **Cannot drive legally** → This is **Q** true.  
   - Rule says if Unregistered then Cannot drive legally, but Cannot drive legally could happen for other reasons (e.g., no license).  
   - This card doesn’t test violation because Q true doesn’t break the rule regardless of P.  
   - No need to check.  

3. **Unregistered** → This is **P true**.  
   - Must check other side to ensure it is “Cannot drive legally” (Q true).  
   - If other side is “Can drive legally”, rule is broken.  
   - Must turn this card.  

4. **Can drive** → This is **not Q** (Q false).  
   - Must check other side to ensure it is not P (should be Registered).  
   - If other side is “Unregistered”, rule is broken.  
   - Must turn this card.  

So cards to turn over: **Unregistered** and **Can drive**.  

ANSWER: Unregistered, Can drive","['Unregistered', 'Can drive']","['P', 'not_Q']",CORRECT,84,470,0
61,T62,2,610044,"If a vehicle is Unregistered, it cannot be Driven legally.","Rule: ""If a vehicle is Unregistered, it cannot be Driven legally.""
Cards: ['Registered', 'Cannot drive legally', 'Can drive', 'Unregistered']

Which cards must you turn over?
Your answer:","['Registered', 'Cannot drive legally', 'Can drive', 'Unregistered']","Let’s break this down.  

The rule is:  
> If a vehicle is Unregistered, it cannot be Driven legally.  

In logical form:  
- If **Unregistered** → **Cannot drive legally**.  
- Contrapositive: If **Can drive legally** → **Registered**.  

We have four cards:  
1. Registered  
2. Cannot drive legally  
3. Can drive  
4. Unregistered  

We need to check only the cards that could violate the rule.  

---

**Step 1 – Identify what could break the rule**  
The rule says:  
- If **Unregistered** is on one side, the other side must be **Cannot drive legally**.  
So if we see **Unregistered**, we must check the other side to ensure it’s **Cannot drive legally**.  

Also, from the contrapositive:  
- If **Can drive legally** (i.e., “Can drive” in the cards), the other side must be **Registered**.  
So if we see **Can drive**, we must check the other side to ensure it’s **Registered**.  

---

**Step 2 – Check each card**  

1. **Registered**  
   - Rule: If Unregistered → Cannot drive legally.  
   - Registered does not trigger the “if” part, so no need to check.  
   - Contrapositive: If Can drive → Registered. Seeing Registered on one side doesn’t tell us if the other side is Can drive (it could be Cannot drive legally, which is fine).  
   - So **Registered** card does **not** need to be turned.  

2. **Cannot drive legally**  
   - Rule: If Unregistered → Cannot drive legally.  
   - Cannot drive legally on this side: the other side could be Unregistered (fine) or Registered (also fine).  
   - No violation possible here because the rule only requires that Unregistered implies Cannot drive legally, not the reverse.  
   - So **Cannot drive legally** card does **not** need to be turned.  

3. **Can drive**  
   - Contrapositive: If Can drive → Registered.  
   - So if this side says “Can drive”, the other side must be Registered.  
   - Must check to ensure it’s not Unregistered (which would break contrapositive).  
   - So **Can drive** card **must** be turned.  

4. **Unregistered**  
   - Rule: If Unregistered → Cannot drive legally.  
   - So if this side says “Unregistered”, the other side must be Cannot drive legally.  
   - Must check to ensure it’s not “Can drive”.  
   - So **Unregistered** card **must** be turned.  

---

**Step 3 – Conclusion**  
Must turn over: **Can drive** and **Unregistered**.  

ANSWER: Can drive, Unregistered","['Can drive', 'Unregistered']","['P', 'not_Q']",CORRECT,84,597,0
61,T62,3,610045,"If a vehicle is Unregistered, it cannot be Driven legally.","Rule: ""If a vehicle is Unregistered, it cannot be Driven legally.""
Cards: ['Unregistered', 'Can drive', 'Cannot drive legally', 'Registered']

Which cards must you turn over?
Your answer:","['Unregistered', 'Can drive', 'Cannot drive legally', 'Registered']","Let’s break this down.  

The rule is:  
**If a vehicle is Unregistered, it cannot be Driven legally.**  

In logical form:  
If **Unregistered** → **Cannot drive legally**.  

We can think of it as:  
P = ""vehicle is Unregistered""  
Q = ""cannot be driven legally""  

Rule: P → Q  

We are given four cards:  
1. **Unregistered** (shows P is true)  
2. **Can drive** (shows Q is false, because ""Can drive"" means ""not Cannot drive legally"")  
3. **Cannot drive legally** (shows Q is true)  
4. **Registered** (shows P is false)  

---

**Checking each card for necessity to turn over:**  

We need to check for violations of P → Q.  
Violations happen only when **P is true and Q is false**.  

So we must check:  
- Any card that could have **P true** (to see if Q is false on the other side).  
- Any card that could have **Q false** (to see if P is true on the other side).  

---

**Card 1: Unregistered** (P true)  
We must check the other side to ensure Q is true (i.e., ""Cannot drive legally"").  
If the other side says ""Can drive"" (Q false), rule is broken.  
→ **Must turn over**.  

**Card 2: Can drive** (Q false)  
We must check the other side to ensure P is false (i.e., not Unregistered).  
If the other side says ""Unregistered"" (P true), rule is broken.  
→ **Must turn over**.  

**Card 3: Cannot drive legally** (Q true)  
Rule says: if P true then Q true. Q true doesn’t violate the rule regardless of P.  
No need to check P here.  
→ **Do not need to turn over**.  

**Card 4: Registered** (P false)  
Rule says nothing about when P is false (could have Q true or Q false, both allowed).  
→ **Do not need to turn over**.  

---

**Cards to turn over:** Unregistered, Can drive.  

ANSWER: Unregistered, Can drive","['Unregistered', 'Can drive']","['P', 'not_Q']",CORRECT,84,481,0
61,T62,4,610046,"If a vehicle is Unregistered, it cannot be Driven legally.","Rule: ""If a vehicle is Unregistered, it cannot be Driven legally.""
Cards: ['Can drive', 'Registered', 'Cannot drive legally', 'Unregistered']

Which cards must you turn over?
Your answer:","['Can drive', 'Registered', 'Cannot drive legally', 'Unregistered']","Let’s break this down step by step.  

**Rule:**  
""If a vehicle is Unregistered, it cannot be Driven legally.""  
In logical form:  
If **Unregistered** → **Cannot drive legally**.  

This is equivalent to:  
If **Unregistered**, then **not (Can drive legally)**.  

---

**Cards given:**  
1. ""Can drive""  
2. ""Registered""  
3. ""Cannot drive legally""  
4. ""Unregistered""  

---

**Checking each card for necessity to turn over:**  

We need to test **violations** of the rule:  
- The only way the rule is violated is if **Unregistered** is true and **Cannot drive legally** is false (i.e., ""Can drive legally"" is true).  

So we must check:  
1. **Cards that could show the antecedent true but consequent false** → check ""Unregistered"" (must see if on the other side it says ""Can drive"" — that would break the rule).  
2. **Cards that could show the consequent false but antecedent true** → check ""Can drive"" (must see if on the other side it says ""Unregistered"" — that would break the rule).  

---

**Card-by-card reasoning:**  

- **""Can drive""** → If this card’s other side says ""Unregistered"", rule is broken. Must check.  
- **""Registered""** → This is **not** ""Unregistered"", so even if on the other side it says ""Cannot drive legally"" or ""Can drive"", it doesn’t test the rule directly (rule only says what happens if Unregistered, not what happens if Registered). So no need to check.  
- **""Cannot drive legally""** → If this card’s other side says ""Unregistered"", that’s fine (rule says if Unregistered then Cannot drive legally — that’s consistent). If it says ""Registered"", also fine. So no violation possible here.  
- **""Unregistered""** → Must check the other side to ensure it does **not** say ""Can drive"". If it says ""Cannot drive legally"", rule is followed.  

---

**Conclusion:**  
Must turn over: **""Can drive""** and **""Unregistered""**.  

---

ANSWER: Can drive, Unregistered","['Can drive', 'Unregistered']","['P', 'not_Q']",CORRECT,84,481,0
62,T63,0,620042,"If you handle Food professionally, you must wear Gloves.","Rule: ""If you handle Food professionally, you must wear Gloves.""
Cards: ['No gloves', 'Cleans floor', 'Wears gloves', 'Handles food']

Which cards must you turn over?
Your answer:","['No gloves', 'Cleans floor', 'Wears gloves', 'Handles food']","Let’s break this down.  

**Step 1: Restate the rule in logical form**  
Rule: ""If you handle Food professionally, you must wear Gloves.""  
This is:  
If **Handles food** → **Wears gloves**  

**Step 2: Identify contrapositive**  
Contrapositive: If **not wearing gloves** → **not handling food**  

**Step 3: Cards given**  
- 'No gloves' → This means ""not wearing gloves""  
- 'Cleans floor' → This is not directly about food or gloves in the rule  
- 'Wears gloves' → This is ""wearing gloves""  
- 'Handles food' → This is ""handling food""  

**Step 4: Which cards must be checked to test the rule?**  
We need to check:  
1. Cards that could violate the original statement **Handles food → Wears gloves**.  
   - Violation happens if **Handles food** is true and **Wears gloves** is false.  
   - So check **Handles food** card: see if other side shows ""no gloves"" (would break rule).  
   - Also check **No gloves** card: see if other side shows ""handles food"" (would break rule).  

2. Cards that don’t risk breaking the rule:  
   - 'Cleans floor': not mentioned in the rule’s if-clause or then-clause, so irrelevant.  
   - 'Wears gloves': if someone wears gloves, rule doesn’t require anything about food (no violation possible from this card alone).  

**Step 5: Conclusion**  
Must turn over:  
- 'Handles food' (to ensure other side is not ""no gloves"")  
- 'No gloves' (to ensure other side is not ""handles food"")  

ANSWER: Handles food, No gloves","['Handles food', 'No gloves']","['P', 'not_Q']",CORRECT,86,398,0
62,T63,1,620043,"If you handle Food professionally, you must wear Gloves.","Rule: ""If you handle Food professionally, you must wear Gloves.""
Cards: ['Handles food', 'Wears gloves', 'No gloves', 'Cleans floor']

Which cards must you turn over?
Your answer:","['Handles food', 'Wears gloves', 'No gloves', 'Cleans floor']","Let's restate the rule as a conditional statement:  
""If you handle Food professionally, you must wear Gloves.""  
This can be written as: ""If **Handles food**, then **Wears gloves**.""

We need to check cards to see if this rule is violated.  
Violation occurs when **Handles food** is true but **Wears gloves** is false.

The four cards given:  

1. **Handles food** – shows ""Handles food"" (the antecedent is true)  
   To check rule: must verify that ""Wears gloves"" is true on the other side.  
   So we must turn this card.

2. **Wears gloves** – shows ""Wears gloves"" (the consequent is true)  
   The rule says: ""If Handles food, then Wears gloves.""  
   This card being ""Wears gloves"" doesn’t violate the rule regardless of what's on the other side (if antecedent false, rule still holds).  
   No need to turn.

3. **No gloves** – shows ""No gloves"" (negation of consequent: not wearing gloves)  
   If the other side says ""Handles food"", that would be a violation.  
   So we must turn this card.

4. **Cleans floor** – shows ""Cleans floor""  
   This is not ""Handles food"" (antecedent false) and not ""No gloves"" (not obviously negation of consequent).  
   Even if other side says ""No gloves"", the rule is not violated because antecedent false.  
   Even if other side says ""Wears gloves"", rule still fine.  
   So no need to turn.

Required cards: **Handles food** and **No gloves**.

ANSWER: Handles food, No gloves","['Handles food', 'No gloves']","['P', 'not_Q']",CORRECT,86,368,0
62,T63,2,620044,"If you handle Food professionally, you must wear Gloves.","Rule: ""If you handle Food professionally, you must wear Gloves.""
Cards: ['Cleans floor', 'Wears gloves', 'Handles food', 'No gloves']

Which cards must you turn over?
Your answer:","['Cleans floor', 'Wears gloves', 'Handles food', 'No gloves']","Let’s break this down.  

**Rule:**  
""If you handle Food professionally, you must wear Gloves.""  
This is a conditional statement:  
If **Handles food** → **must wear Gloves**.  

In logical terms:  
P = Handles food professionally  
Q = Wears gloves  
Rule: P → Q  

---

**Truth table reminder:**  
- P → Q is only false if P is true and Q is false.  
- So to check violations, we need to find cases where **P is true but Q is false**.  

---

**Cards given:**  
1. **Cleans floor** → This is not ""Handles food"" (not P).  
   - Even if they are not wearing gloves, it doesn’t violate the rule because rule only applies if P is true.  
   - So no need to check unless we suspect P might be true on the other side?  
   - But the rule doesn’t say anything about non-food handlers.  
   - So turning this card over is unnecessary for verifying the rule.  

2. **Wears gloves** → This is Q true.  
   - If Q is true, the rule P → Q is automatically satisfied regardless of P.  
   - So no need to check the other side.  

3. **Handles food** → This is P true.  
   - If P is true, then Q must be true to satisfy the rule.  
   - We must check the other side to see if Q is true.  
   - So **must turn this card**.  

4. **No gloves** → This is Q false.  
   - If Q is false, the only way the rule is violated is if P is true.  
   - So we must check the other side to see if P is true.  
   - So **must turn this card**.  

---

**Conclusion:**  
Must turn over: **Handles food** and **No gloves**.  

ANSWER: Handles food, No gloves","['Handles food', 'No gloves']","['P', 'not_Q']",CORRECT,86,415,0
62,T63,3,620045,"If you handle Food professionally, you must wear Gloves.","Rule: ""If you handle Food professionally, you must wear Gloves.""
Cards: ['Wears gloves', 'Handles food', 'No gloves', 'Cleans floor']

Which cards must you turn over?
Your answer:","['Wears gloves', 'Handles food', 'No gloves', 'Cleans floor']","Let’s break this down.  

The rule is:  
**If you handle Food professionally, you must wear Gloves.**  

In logical form:  
If **Handles food** → **Wears gloves**.  

Contrapositive:  
If **not wearing gloves** → **not handling food**.  

We have four cards:  

1. **Wears gloves**  
2. **Handles food**  
3. **No gloves**  
4. **Cleans floor**  

We need to check only those cards that could violate the rule.  

---

**Step 1 – Identify possible violations**  
The rule says:  
- If someone handles food, they must wear gloves.  
So a violation is: **Handles food** AND **Not wearing gloves**.  

We check each card to see if turning it could reveal a violation:  

---

**Card 1: Wears gloves**  
- Visible side: Wears gloves.  
- Hidden side possibilities: Could be handling food (allowed) or not handling food (allowed).  
- No possible violation here, because if they wear gloves, the rule is satisfied regardless of whether they handle food or not.  
- **Do not need to turn.**

---

**Card 2: Handles food**  
- Visible side: Handles food.  
- Hidden side: Could be wearing gloves (allowed) or not wearing gloves (violation).  
- Must check this card to ensure they are wearing gloves.  
- **Must turn.**

---

**Card 3: No gloves**  
- Visible side: Not wearing gloves.  
- Hidden side: Could be handling food (violation) or not handling food (allowed).  
- If hidden side is “handles food,” that’s a violation (handles food but no gloves).  
- Must check this card to ensure they are not handling food.  
- **Must turn.**

---

**Card 4: Cleans floor**  
- Visible side: Cleans floor (not mentioned in rule).  
- Rule only cares about food handling → glove wearing.  
- If they clean floor, they may or may not handle food, but the rule only applies if they handle food.  
- If hidden side is “handles food,” then they must wear gloves, but we don’t know if they wear gloves from visible side. Wait — careful:  
  - Visible side: Cleans floor.  
  - Hidden side: Could be “handles food” or “does not handle food.”  
  - If hidden side is “handles food,” then they must wear gloves. But visible side says “cleans floor,” not whether they wear gloves. So we don’t know if they wear gloves unless we turn another card? Actually, no — turning this card alone only tells us if they handle food. But if they handle food, we still don’t know if they wear gloves unless we also check the gloves status. But we can’t check gloves status from this card.  
  - However, the rule does not require gloves if they don’t handle food. So if hidden side is “does not handle food,” no violation regardless of gloves.  
  - So turning this card is unnecessary because even if they handle food, we’d need to check another card (gloves status) to see a violation. But in the selection task, we only turn cards that could show a violation by themselves when combined with visible info? Wait — standard Wason selection task: we turn a card if the hidden side could show a violation given the visible side.  

Let’s check:  
Visible: Cleans floor → irrelevant to antecedent. Hidden side could be “handles food” (antecedent true) or not (antecedent false). If antecedent true, then they must wear gloves. But do we know if they wear gloves? No — gloves info is not on this card. So turning this card alone cannot reveal a violation, because violation requires both “handles food” and “no gloves” visible on same card’s two sides? Actually no — in the original task, each card shows one side of a person/instance. If visible side is “cleans floor,” hidden side is “handles food,” then this person handles food but we don’t know about gloves unless we check another card. But in the task, we only check the cards given, not combine them. So “cleans floor” card’s hidden side being “handles food” doesn’t prove violation unless we also know they don’t wear gloves. But we can’t know that from this card alone. So turning this card is not necessary to test the rule.  

Thus: **Do not turn.**

---

**Step 2 – Conclusion**  
Must turn: **Handles food** (to check gloves) and **No gloves** (to check if",['Must turn: **Handles food** (to check gloves) and **No gloves** (to check if'],[],NOISE,86,1000,0
62,T63,4,620046,"If you handle Food professionally, you must wear Gloves.","Rule: ""If you handle Food professionally, you must wear Gloves.""
Cards: ['Wears gloves', 'No gloves', 'Cleans floor', 'Handles food']

Which cards must you turn over?
Your answer:","['Wears gloves', 'No gloves', 'Cleans floor', 'Handles food']","Let’s break this down step by step.

**Rule:**  
""If you handle Food professionally, you must wear Gloves.""  
This is a conditional statement of the form:  
If **P** (handle food) → then **Q** (wear gloves).  

Logically, we need to check for violations of this rule.  
Violations would be cases where **P** is true but **Q** is false.  
So we must examine cards where:  
- **P** is true (handle food) — we must check if Q is true (wear gloves).  
- **Q** is false (no gloves) — we must check if P is true (handle food).  

Cards we don’t need to turn:  
- When P is false (not handling food), rule is not applicable.  
- When Q is true (wear gloves), no violation regardless of P.  

---

**Given cards:**  

1. 'Wears gloves' → Q is true.  
   No need to check P because rule violation only occurs when Q is false.  

2. 'No gloves' → Q is false.  
   Must check if P is true (handle food).  

3. 'Cleans floor' → P is false (does not handle food professionally).  
   No need to check Q because rule doesn’t apply.  

4. 'Handles food' → P is true.  
   Must check if Q is true (wear gloves).  

---

**Cards to turn over:**  
- 'No gloves' (check if handles food)  
- 'Handles food' (check if wears gloves)  

---

ANSWER: No gloves, Handles food","['No gloves', 'Handles food']","['P', 'not_Q']",CORRECT,86,344,0
63,T64,0,630042,"If a tenant breaks the Lease, they forfeit the Deposit.","Rule: ""If a tenant breaks the Lease, they forfeit the Deposit.""
Cards: ['Keeps deposit', 'Breaks lease', 'Loses deposit', 'Honors lease']

Which cards must you turn over?
Your answer:","['Keeps deposit', 'Breaks lease', 'Loses deposit', 'Honors lease']","Let’s break this down.  

The rule is:  
> If a tenant breaks the Lease, they forfeit the Deposit.  

In logic terms:  
- If **Breaks lease** → **Forfeit deposit** (i.e., Loses deposit).  
- Contrapositive: If **Not forfeit deposit** → **Not break lease** (i.e., Keeps deposit → Honors lease).  

We have four cards:  
1. **Keeps deposit** → Means deposit is *not* forfeited.  
2. **Breaks lease** → Means antecedent of rule is true.  
3. **Loses deposit** → Means consequent is true.  
4. **Honors lease** → Means antecedent is false.  

We need to check only violations of the rule.  
The rule can be violated only if:  
**Breaks lease** (antecedent true) AND **Keeps deposit** (consequent false).  

So we must check:  
- **Breaks lease** card → must see other side to ensure it’s not “Keeps deposit” (but actually, we check: if it says Breaks lease on one side, the other side must be Loses deposit; if it’s Keeps deposit, rule is broken). Wait — careful:  
We turn over cards to test the rule “If P then Q” by looking for P true and Q false.  

Cards:  
- **Breaks lease** (P true) → Must check other side: if other side is not “Loses deposit” (i.e., if it’s “Keeps deposit”), rule is broken. So must turn this.  
- **Keeps deposit** (Q false) → Must check other side: if other side is “Breaks lease” (P true), rule is broken. So must turn this.  
- **Loses deposit** (Q true) → No need to turn: even if other side is “Breaks lease” (P true), rule holds (P→Q true). If other side is “Honors lease” (P false), rule holds. So irrelevant.  
- **Honors lease** (P false) → No need to turn: rule is “If P then Q”; if P false, rule is automatically true regardless of Q.  

So must turn: **Breaks lease** and **Keeps deposit**.  

ANSWER: Breaks lease, Keeps deposit","['Breaks lease', 'Keeps deposit']","['P', 'not_Q']",CORRECT,88,501,0
63,T64,1,630043,"If a tenant breaks the Lease, they forfeit the Deposit.","Rule: ""If a tenant breaks the Lease, they forfeit the Deposit.""
Cards: ['Loses deposit', 'Keeps deposit', 'Honors lease', 'Breaks lease']

Which cards must you turn over?
Your answer:","['Loses deposit', 'Keeps deposit', 'Honors lease', 'Breaks lease']","Let’s break this down.  

The rule is:  
> If a tenant breaks the Lease, they forfeit the Deposit.  

In logic terms:  
- If **Breaks lease** → **Loses deposit** (forfeits deposit).  
- Contrapositive: If **Keeps deposit** → **Honors lease** (did not break lease).  

We have four cards:  
1. **Loses deposit**  
2. **Keeps deposit**  
3. **Honors lease**  
4. **Breaks lease**  

We need to check only the cards necessary to verify the rule holds.  
This is a **Wason selection task** setup.  

---

**Step 1 – Identify antecedent and consequent in the rule**  
- Antecedent (P): Breaks lease  
- Consequent (Q): Loses deposit  
Rule: P → Q  

---

**Step 2 – Determine what to check**  
To verify P → Q, we must check:  
1. **Cards where P is true** (Breaks lease) → must see if Q holds (should be Loses deposit).  
   - So turn over **Breaks lease**.  

2. **Cards where Q is false** (not Q) → must see if P is false (not P).  
   - Q false = Keeps deposit (not losing deposit).  
   - So turn over **Keeps deposit** to check they didn’t break lease.  

---

**Step 3 – Check irrelevant cases**  
- **Loses deposit** (Q true): Rule says nothing about what happens if Q true; P could be true or false. No need to check.  
- **Honors lease** (not P): Rule says nothing about what happens if not P; Q could be true or false. No need to check.  

---

**Step 4 – Conclusion**  
Must turn over: **Breaks lease** and **Keeps deposit**.  

---

ANSWER: Breaks lease, Keeps deposit","['Breaks lease', 'Keeps deposit']","['P', 'not_Q']",CORRECT,88,417,0
63,T64,2,630044,"If a tenant breaks the Lease, they forfeit the Deposit.","Rule: ""If a tenant breaks the Lease, they forfeit the Deposit.""
Cards: ['Honors lease', 'Loses deposit', 'Breaks lease', 'Keeps deposit']

Which cards must you turn over?
Your answer:","['Honors lease', 'Loses deposit', 'Breaks lease', 'Keeps deposit']","Let’s break this down step by step.  

**Rule:**  
""If a tenant breaks the Lease, they forfeit the Deposit.""  
This is a conditional statement:  
If **Breaks lease** → then **Forfeit deposit** (i.e., Loses deposit).  

**Logical form:**  
Let \( P \) = ""Breaks lease""  
Let \( Q \) = ""Forfeits deposit"" (same as ""Loses deposit"")  
Rule: \( P \rightarrow Q \)  

**Checking truth of \( P \rightarrow Q \):**  
To verify the rule holds, we must check cases where \( P \) is true (must ensure \( Q \) is true) and cases where \( Q \) is false (must ensure \( P \) is false).  

**Cards given:**  
1. Honors lease → This is \( \neg P \) (not ""Breaks lease"")  
2. Loses deposit → This is \( Q \) (forfeits deposit)  
3. Breaks lease → This is \( P \)  
4. Keeps deposit → This is \( \neg Q \) (not ""Loses deposit"")  

**Which to turn over to test the rule?**  

- **Card ""Breaks lease"" (\( P \)):**  
  If \( P \) is true, rule says \( Q \) must be true. Must check this card to see if on the other side it says ""Loses deposit"" (\( Q \)) or not. → **Must turn over**.  

- **Card ""Keeps deposit"" (\( \neg Q \)):**  
  If \( Q \) is false, rule says \( P \) must be false (i.e., not ""Breaks lease""). Must check this card to see if on the other side it says ""Breaks lease"" (\( P \)) or not. → **Must turn over**.  

- **Card ""Honors lease"" (\( \neg P \)):**  
  If \( P \) is false, rule says nothing about \( Q \); \( Q \) could be true or false without violating the rule. → **No need to turn over**.  

- **Card ""Loses deposit"" (\( Q \)):**  
  If \( Q \) is true, rule does not require \( P \) to be true (could be \( \neg P \) and still \( Q \) true). → **No need to turn over**.  

**Final answer:**  
Must turn over: Breaks lease, Keeps deposit.  

ANSWER: Breaks lease, Keeps deposit","['Breaks lease', 'Keeps deposit']","['P', 'not_Q']",CORRECT,88,521,0
63,T64,3,630045,"If a tenant breaks the Lease, they forfeit the Deposit.","Rule: ""If a tenant breaks the Lease, they forfeit the Deposit.""
Cards: ['Honors lease', 'Breaks lease', 'Keeps deposit', 'Loses deposit']

Which cards must you turn over?
Your answer:","['Honors lease', 'Breaks lease', 'Keeps deposit', 'Loses deposit']","Let’s break this down.  

The rule is:  
**If a tenant breaks the lease, they forfeit the deposit.**  

In logic terms:  
- If **breaks lease** → **loses deposit** (forfeit means lose it).  
- Contrapositive: If **keeps deposit** → **did not break lease** (honors lease).  

We have four cards:  
1. Honors lease  
2. Breaks lease  
3. Keeps deposit  
4. Loses deposit  

We need to check only the cards that could violate the rule.  
The rule is violated if:  
- Someone breaks the lease AND keeps the deposit.  

So we check:  
- **Breaks lease** (card 2): Must see other side to ensure they are not keeping deposit.  
- **Keeps deposit** (card 3): Must see other side to ensure they did not break the lease.  

Other cards:  
- Honors lease (card 1): Even if they lose deposit, rule not broken (rule only applies if they break lease).  
- Loses deposit (card 4): Rule says nothing about what happens if they lose deposit — could have broken lease (allowed) or honored lease (irrelevant).  

So only cards 2 and 3 must be turned over.  

ANSWER: Breaks lease, Keeps deposit","['Breaks lease', 'Keeps deposit']","['P', 'not_Q']",CORRECT,88,281,0
63,T64,4,630046,"If a tenant breaks the Lease, they forfeit the Deposit.","Rule: ""If a tenant breaks the Lease, they forfeit the Deposit.""
Cards: ['Breaks lease', 'Keeps deposit', 'Honors lease', 'Loses deposit']

Which cards must you turn over?
Your answer:","['Breaks lease', 'Keeps deposit', 'Honors lease', 'Loses deposit']","Let’s break this down.  

The rule is:  
> If a tenant breaks the Lease, they forfeit the Deposit.  

In logical terms:  
- If **Breaks lease** → then **Loses deposit** (forfeits deposit means they lose it).  
- Contrapositive: If **Keeps deposit** → then **Honors lease**.  

We have four cards:  
1. **Breaks lease**  
2. **Keeps deposit**  
3. **Honors lease**  
4. **Loses deposit**  

We need to check only the cards that could violate the rule.  
The rule is violated if:  
- Someone breaks the lease but does **not** lose the deposit (i.e., keeps deposit).  
- Or equivalently: someone keeps the deposit but broke the lease.  

So we test each card:  

**Card 1: Breaks lease**  
We must check the other side: if it says “Keeps deposit,” that violates the rule. So we must turn this card.  

**Card 2: Keeps deposit**  
We must check the other side: if it says “Breaks lease,” that violates the rule. So we must turn this card.  

**Card 3: Honors lease**  
Rule says nothing about what happens if they honor the lease — they could lose or keep deposit without violating the rule. So no need to turn.  

**Card 4: Loses deposit**  
Rule doesn’t require that losing deposit only happens if they break the lease — maybe they lose it for other reasons. So no violation possible from this card alone.  

Thus, only cards 1 and 2 must be turned.  

ANSWER: Breaks lease, Keeps deposit","['Breaks lease', 'Keeps deposit']","['P', 'not_Q']",CORRECT,88,361,0
64,T65,0,640042,"If you enter a Country illegally, you can be Deported.","Rule: ""If you enter a Country illegally, you can be Deported.""
Cards: ['Cannot be deported', 'Legal entry', 'Illegal entry', 'Can be deported']

Which cards must you turn over?
Your answer:","['Cannot be deported', 'Legal entry', 'Illegal entry', 'Can be deported']","Let’s break this down.  

The rule is:  
**If you enter a Country illegally, you can be Deported.**  

In logical form:  
If **Illegal entry** → **Can be deported**.  

This is a conditional statement: **P → Q**, where:  
- P = ""enter a Country illegally"" (Illegal entry)  
- Q = ""can be deported""  

To test whether the rule is being followed, we need to check for violations.  
A violation occurs when **P is true and Q is false** (i.e., someone entered illegally but cannot be deported).  

So we must check:  
1. **Cards where P is true** (Illegal entry) → must verify Q is true (Can be deported).  
2. **Cards where Q is false** (Cannot be deported) → must verify P is false (not Illegal entry).  

---

**Cards given:**  
- Cannot be deported → Q is false  
- Legal entry → P is false  
- Illegal entry → P is true  
- Can be deported → Q is true  

---

**Which to turn over?**  

1. **Illegal entry (P true)** → must check if ""Can be deported"" (Q true) holds.  
2. **Cannot be deported (Q false)** → must check if ""Illegal entry"" (P true) is false (i.e., entry was legal).  

Other cards:  
- Legal entry (P false) → no requirement on Q, so no need to check.  
- Can be deported (Q true) → no requirement on P, so no need to check.  

---

**Final answer:**  
ANSWER: Illegal entry, Cannot be deported","['Illegal entry', 'Cannot be deported']","['P', 'not_Q']",CORRECT,89,364,0
64,T65,1,640043,"If you enter a Country illegally, you can be Deported.","Rule: ""If you enter a Country illegally, you can be Deported.""
Cards: ['Cannot be deported', 'Legal entry', 'Can be deported', 'Illegal entry']

Which cards must you turn over?
Your answer:","['Cannot be deported', 'Legal entry', 'Can be deported', 'Illegal entry']","Let’s break this down.  

The rule is:  
**If you enter a Country illegally, you can be deported.**  

In logical form:  
If **Illegal entry** → **Can be deported**.  

This is a conditional statement: **P → Q**, where:  
- P = ""Illegal entry""  
- Q = ""Can be deported""  

To check if the rule is being violated, we look for cases where **P is true but Q is false**.  
That means we must turn over any card where **P is true** (to check if Q is true on the other side) and any card where **Q is false** (to check if P is true on the other side).  

---

**Cards given:**  
1. Cannot be deported → This is **not Q** (because Q = ""Can be deported"").  
2. Legal entry → This is **not P** (because P = ""Illegal entry"").  
3. Can be deported → This is **Q**.  
4. Illegal entry → This is **P**.  

---

**Which to turn over:**  
- **P card** (""Illegal entry""): Must check the other side to ensure it says ""Can be deported"".  
- **Not Q card** (""Cannot be deported""): Must check the other side to ensure it does **not** say ""Illegal entry"".  

---

**Other cards:**  
- ""Legal entry"" (not P): No need to check, because rule says nothing about what happens if entry is legal.  
- ""Can be deported"" (Q): No need to check, because rule does not forbid being deported for other reasons.  

---

**Final selection:**  
Illegal entry (P) and Cannot be deported (not Q).  

---

ANSWER: Illegal entry, Cannot be deported","['Illegal entry', 'Cannot be deported']","['P', 'not_Q']",CORRECT,89,388,0
64,T65,2,640044,"If you enter a Country illegally, you can be Deported.","Rule: ""If you enter a Country illegally, you can be Deported.""
Cards: ['Cannot be deported', 'Illegal entry', 'Can be deported', 'Legal entry']

Which cards must you turn over?
Your answer:","['Cannot be deported', 'Illegal entry', 'Can be deported', 'Legal entry']","Let’s break this down.  

The rule is:  
> If you enter a Country illegally, you can be Deported.  

In logical form:  
- If **Illegal entry** (P), then **Can be deported** (Q).  
- This is **P → Q**.  

To check violations of this rule, we need to find cases where **P is true but Q is false**.  
That means we must check:  
1. Cards where **P is true** (Illegal entry) — to make sure Q is true.  
2. Cards where **Q is false** (Cannot be deported) — to make sure P is false.  

---

**Cards given:**  
- **Cannot be deported** → This is **not Q** (Q false). Must check if entry was illegal (P true).  
- **Illegal entry** → This is **P true**. Must check if ""Can be deported"" (Q true).  
- **Can be deported** → This is **Q true**. No need to check because rule says nothing about what happens if Q is true (could be P true or P false, both allowed).  
- **Legal entry** → This is **P false**. No need to check because rule only applies when P is true.  

---

**Must turn over:**  
1. **Illegal entry** (to see if other side says ""Can be deported"" or not).  
2. **Cannot be deported** (to see if other side says ""Illegal entry"" or not).  

---

ANSWER: Illegal entry, Cannot be deported","['Illegal entry', 'Cannot be deported']","['P', 'not_Q']",CORRECT,89,335,0
64,T65,3,640045,"If you enter a Country illegally, you can be Deported.","Rule: ""If you enter a Country illegally, you can be Deported.""
Cards: ['Legal entry', 'Cannot be deported', 'Illegal entry', 'Can be deported']

Which cards must you turn over?
Your answer:","['Legal entry', 'Cannot be deported', 'Illegal entry', 'Can be deported']","Let’s break this down.  

The rule is:  
- **If** you enter a country illegally → **then** you can be deported.  
It’s a conditional statement: **Illegal entry** → **Can be deported**.  

In logical terms:  
P = ""enter a country illegally"" (Illegal entry)  
Q = ""can be deported""  

We have: P → Q  

To test the rule, we must check for violations of P → Q:  
1. Check cases where **P is true but Q is false** → that would break the rule.  
   So we must turn over the **Illegal entry** card to see if the back says ""Cannot be deported"".  
2. Check cases where **Q is false** → but note: if Q is false, we only care if P is true; if P is false, the rule is not violated.  
   However, logically, we also check **Q is false** → to see if P is true (because that violates the rule). But Q being false is equivalent to ""Cannot be deported"", so we must turn over ""Cannot be deported"" to see if the back is ""Illegal entry"".  

The irrelevant cases:  
- If P is false (""Legal entry"") → rule says nothing about what happens; no need to check.  
- If Q is true (""Can be deported"") → rule allows deportation anyway; no violation regardless of P.  

Cards:  
- Legal entry → don’t need to check.  
- Cannot be deported → must check (see if entry was illegal).  
- Illegal entry → must check (see if result is ""Cannot be deported"").  
- Can be deported → don’t need to check.  

**Cards to turn over:** Illegal entry, Cannot be deported.  

ANSWER: Illegal entry, Cannot be deported","['Illegal entry', 'Cannot be deported']","['P', 'not_Q']",CORRECT,89,393,0
64,T65,4,640046,"If you enter a Country illegally, you can be Deported.","Rule: ""If you enter a Country illegally, you can be Deported.""
Cards: ['Cannot be deported', 'Illegal entry', 'Legal entry', 'Can be deported']

Which cards must you turn over?
Your answer:","['Cannot be deported', 'Illegal entry', 'Legal entry', 'Can be deported']","Let’s break this down.  

The rule is:  
> If you enter a Country illegally, you can be Deported.  

In logical form:  
- **If P (enter illegally), then Q (can be deported).**  
- Contrapositive: If not Q (cannot be deported), then not P (did not enter illegally).  

We have four cards:  
1. Cannot be deported → **not Q**  
2. Illegal entry → **P**  
3. Legal entry → **not P**  
4. Can be deported → **Q**  

To test the rule, we must check cases that could violate it.  
A violation occurs when **P is true but Q is false** (i.e., someone entered illegally but cannot be deported).  

So we must check:  
- **P cards** (Illegal entry) → must verify Q is true (Can be deported) on the other side.  
- **not Q cards** (Cannot be deported) → must verify P is false (Legal entry) on the other side.  

Cards to turn over:  
1. **Illegal entry (P)** → to check if other side says “Can be deported” (Q true). If other side says “Cannot be deported,” rule is broken.  
2. **Cannot be deported (not Q)** → to check if other side says “Legal entry” (not P). If other side says “Illegal entry,” rule is broken.  

Other cards:  
- Legal entry (not P) → no need to check, because rule says nothing about what happens if entry is legal.  
- Can be deported (Q) → no need to check, because rule doesn’t forbid deporting legal entrants.  

ANSWER: Illegal entry, Cannot be deported","['Illegal entry', 'Cannot be deported']","['P', 'not_Q']",CORRECT,89,379,0
65,T66,0,650042,"If a patient is Unconscious, doctors must obtain Emergency consent.","Rule: ""If a patient is Unconscious, doctors must obtain Emergency consent.""
Cards: ['Normal consent', 'Emergency consent', 'Conscious', 'Unconscious']

Which cards must you turn over?
Your answer:","['Normal consent', 'Emergency consent', 'Conscious', 'Unconscious']","Let’s break this down step-by-step.  

**Rule:**  
> If a patient is **Unconscious**, doctors must obtain **Emergency consent**.  

In logical terms:  
- P = patient is Unconscious  
- Q = doctors obtain Emergency consent  
- Rule: P → Q (if Unconscious, then Emergency consent)  

**What needs to be checked?**  
In a ""conditional rule verification"" task (like the Wason selection task), we need to test two things:  
1. **Cases where P is true** → must check that Q is true (not-Q would violate the rule).  
2. **Cases where Q is false** → must check that P is false (if P is true when Q is false, rule is violated).  

**Cards given:**  
- Normal consent (this means **not Emergency consent**, i.e., Q is false)  
- Emergency consent (this means Q is true)  
- Conscious (this means **not Unconscious**, i.e., P is false)  
- Unconscious (this means P is true)  

---

**Step 1 – Identify which cards correspond to P and Q:**  
- Unconscious → P true → must check if Emergency consent (Q) is true.  
- Conscious → P false → no need to check (rule says nothing when P false).  
- Emergency consent → Q true → no need to check (rule only says if P then Q, not ""if Q then something"").  
- Normal consent → Q false → must check that P is false (patient not Unconscious).  

---

**Step 2 – Which to turn over:**  
We turn over cards that could violate the rule:  

1. **Unconscious** (P true): Must see if Q is true (Emergency consent). If it’s not Emergency consent, rule broken.  
2. **Normal consent** (Q false): Must see if P is true (Unconscious). If patient is Unconscious, rule broken.  

Other cards:  
- Emergency consent (Q true): Even if patient is Conscious, rule is fine. No violation possible here.  
- Conscious (P false): Rule doesn’t require anything when P false, so no need to check.  

---

**Final answer:**  
Turn over “Unconscious” and “Normal consent”.  

ANSWER: Unconscious, Normal consent","['Unconscious', 'Normal consent']","['P', 'not_Q']",CORRECT,84,484,0
65,T66,1,650043,"If a patient is Unconscious, doctors must obtain Emergency consent.","Rule: ""If a patient is Unconscious, doctors must obtain Emergency consent.""
Cards: ['Conscious', 'Normal consent', 'Emergency consent', 'Unconscious']

Which cards must you turn over?
Your answer:","['Conscious', 'Normal consent', 'Emergency consent', 'Unconscious']","Let’s restate the rule clearly:  

""If a patient is Unconscious, doctors must obtain Emergency consent.""  
This is a conditional statement of the form:  
If **P** (patient is Unconscious) → then **Q** (obtain Emergency consent).  

Logical equivalent:  
- If not **Q** (do not obtain Emergency consent) → then not **P** (patient must NOT be Unconscious).  
- We only need to check cases where **P** is true to make sure **Q** is true, and cases where **Q** is false to make sure **P** is false.  

Cards:  
1. Conscious → This is **not P** (patient is NOT Unconscious). Since the rule says nothing about patients who are Conscious, we don’t need to check this card.  
2. Normal consent → This is not Emergency consent, so it is **not Q** (since Emergency consent is required if Unconscious). Checking this: if someone has Normal consent (not Emergency), we must ensure they are not Unconscious. **Must check.**  
3. Emergency consent → This is **Q**. If Q is true, rule doesn’t require anything about P (could be Conscious or Unconscious). Not necessary to check.  
4. Unconscious → This is **P**. If P is true, must verify that Q (Emergency consent) is true. **Must check.**  

So necessary cards:  
Unconscious (to check if Emergency consent was obtained)  
Normal consent (to check if patient is NOT Unconscious)  

ANSWER: Unconscious, Normal consent","['Unconscious', 'Normal consent']","['P', 'not_Q']",CORRECT,84,329,0
65,T66,2,650044,"If a patient is Unconscious, doctors must obtain Emergency consent.","Rule: ""If a patient is Unconscious, doctors must obtain Emergency consent.""
Cards: ['Unconscious', 'Emergency consent', 'Conscious', 'Normal consent']

Which cards must you turn over?
Your answer:","['Unconscious', 'Emergency consent', 'Conscious', 'Normal consent']","Let’s break this down.  

The rule is:  
> If a patient is Unconscious, doctors must obtain Emergency consent.  

In logical form:  
- If **Unconscious** → then **Emergency consent** must be obtained.  
- Contrapositive: If **not Emergency consent** → then **patient is not Unconscious** (i.e., Conscious).  

We have four cards:  
1. Unconscious  
2. Emergency consent  
3. Conscious  
4. Normal consent  

We need to check which cards must be turned over to test whether the rule is being followed.  

---

**Step 1 – Identify logical components**  
Let:  
- **U** = Unconscious  
- **E** = Emergency consent obtained  

Rule: U → E  
We test violations:  
1. **U true but E false** → violation.  
2. Any other combination (U false, E true; U false, E false; U true, E true) → no violation.  

---

**Step 2 – Which cards to check?**  
We check each card:  

- **Card ""Unconscious""** → This is U true. We must see if E is false on the other side. So we must turn it.  
- **Card ""Emergency consent""** → This is E true. Rule says nothing about what happens if E true (U could be true or false, both okay). So no need to turn.  
- **Card ""Conscious""** → This is U false. Rule says if U false, E can be true or false, no violation. So no need to turn.  
- **Card ""Normal consent""** → This means **not Emergency consent** (E false). Rule says if E false, then U must be false (Conscious). If we turn this card and find ""Unconscious"" on the other side, that’s a violation. So we must turn it.  

---

**Step 3 – Conclusion**  
Must turn:  
1. Unconscious (to check other side is Emergency consent)  
2. Normal consent (to check other side is not Unconscious)  

---

ANSWER: Unconscious, Normal consent","['Unconscious', 'Normal consent']","['P', 'not_Q']",CORRECT,84,450,0
65,T66,3,650045,"If a patient is Unconscious, doctors must obtain Emergency consent.","Rule: ""If a patient is Unconscious, doctors must obtain Emergency consent.""
Cards: ['Conscious', 'Emergency consent', 'Unconscious', 'Normal consent']

Which cards must you turn over?
Your answer:","['Conscious', 'Emergency consent', 'Unconscious', 'Normal consent']","Let’s break this down.  

**Rule:**  
""If a patient is Unconscious, doctors must obtain Emergency consent.""  
This is a conditional statement:  
If **Unconscious** → then **Emergency consent**.  

In logical terms:  
Let \( P \) = ""patient is Unconscious""  
Let \( Q \) = ""doctors obtain Emergency consent""  
Rule: \( P \rightarrow Q \)  

---

**Truth table perspective:**  
The only way the rule is broken is if \( P \) is true and \( Q \) is false.  
So we must check cases where \( P \) is true (to ensure \( Q \) is true) and cases where \( Q \) is false (to ensure \( P \) is false).  

---

**Cards given:**  
1. **Conscious** → This means \( P \) is false. No need to check (rule not violated regardless of \( Q \)).  
2. **Emergency consent** → This means \( Q \) is true. Rule not violated regardless of \( P \).  
3. **Unconscious** → This means \( P \) is true. Must check that \( Q \) is true (Emergency consent obtained).  
4. **Normal consent** → This means \( Q \) is false (since Emergency consent is not obtained). Must check that \( P \) is false (patient not Unconscious).  

---

**Which to turn over:**  
- Turn over **Unconscious** (to check if Emergency consent was obtained).  
- Turn over **Normal consent** (to check if patient is Unconscious).  

Conscious and Emergency consent cards don’t test potential violation.  

---

ANSWER: Unconscious, Normal consent","['Unconscious', 'Normal consent']","['P', 'not_Q']",CORRECT,84,342,0
65,T66,4,650046,"If a patient is Unconscious, doctors must obtain Emergency consent.","Rule: ""If a patient is Unconscious, doctors must obtain Emergency consent.""
Cards: ['Conscious', 'Unconscious', 'Emergency consent', 'Normal consent']

Which cards must you turn over?
Your answer:","['Conscious', 'Unconscious', 'Emergency consent', 'Normal consent']","Let’s break this down.  

The rule is:  
**If a patient is Unconscious, doctors must obtain Emergency consent.**  

This is a conditional statement of the form:  
If **P** (patient is Unconscious), then **Q** (doctors must obtain Emergency consent).  

In logical terms:  
P → Q  

---

**Step 1 – Identify what each card represents**  
- ‘Conscious’ → This means **not P** (patient is not unconscious).  
- ‘Unconscious’ → This means **P**.  
- ‘Emergency consent’ → This means **Q** (doctors obtained emergency consent).  
- ‘Normal consent’ → This means **not Q** (doctors did not obtain emergency consent).  

---

**Step 2 – Determine which cards to check for rule violation**  
For a conditional P → Q, the only way it can be violated is if **P is true and Q is false**.  
So we must check:  
1. Any card where **P is true** (Unconscious) → must verify Q is true (Emergency consent).  
2. Any card where **Q is false** (Normal consent) → must verify P is false (patient is not Unconscious).  

---

**Step 3 – Apply to the cards**  
- **‘Unconscious’ (P)**: Turn over to check if on the other side it says “Emergency consent” (Q). If it says “Normal consent,” rule is broken.  
- **‘Normal consent’ (not Q)**: Turn over to check if on the other side it says “Unconscious” (P). If it does, rule is broken.  

- **‘Conscious’ (not P)**: No need to turn over — rule only says what happens if Unconscious; if patient is Conscious, rule doesn’t apply.  
- **‘Emergency consent’ (Q)**: No need to turn over — if Q is true, rule cannot be violated regardless of P.  

---

**Step 4 – Conclusion**  
Cards to turn over: **Unconscious** and **Normal consent**.  

ANSWER: Unconscious, Normal consent","['Unconscious', 'Normal consent']","['P', 'not_Q']",CORRECT,84,445,0
66,T67,0,660042,"If you take a Taxi, you must pay the Fare.","Rule: ""If you take a Taxi, you must pay the Fare.""
Cards: ['Walks', 'Does not pay', 'Takes taxi', 'Pays fare']

Which cards must you turn over?
Your answer:","['Walks', 'Does not pay', 'Takes taxi', 'Pays fare']","Let’s break this down.  

The rule is:  
**If you take a Taxi, you must pay the Fare.**  
In logical form:  
If **P** (take a taxi), then **Q** (pay the fare).  

This is equivalent to:  
P → Q  

To check violations, we need to find cases where **P is true and Q is false**.  
So we must turn over any card where **P is true** (to check if Q is true) and any card where **Q is false** (to check if P is false).  

---

**Cards given:**  

1. **Walks** → This is **not P** (not taking a taxi).  
   - No need to check, because rule only says what happens if you take a taxi.  
   - So **do not turn over**.  

2. **Does not pay** → This is **not Q** (not paying fare).  
   - If someone does not pay, we must check if they took a taxi (P). If they did, rule is broken.  
   - So **must turn over**.  

3. **Takes taxi** → This is **P** (taking a taxi).  
   - Must check if they paid fare (Q). If not, rule is broken.  
   - So **must turn over**.  

4. **Pays fare** → This is **Q** (paying fare).  
   - If they paid fare, rule is satisfied regardless of whether they took a taxi or not.  
   - So **do not turn over**.  

---

**Cards to turn over:**  
- Does not pay  
- Takes taxi  

---

ANSWER: Does not pay, Takes taxi","['Does not pay', 'Takes taxi']","['P', 'not_Q']",CORRECT,87,357,0
66,T67,1,660043,"If you take a Taxi, you must pay the Fare.","Rule: ""If you take a Taxi, you must pay the Fare.""
Cards: ['Does not pay', 'Takes taxi', 'Pays fare', 'Walks']

Which cards must you turn over?
Your answer:","['Does not pay', 'Takes taxi', 'Pays fare', 'Walks']","Let’s break this down.  

The rule is:  
**If you take a Taxi, you must pay the Fare.**  
This is logically: **If P (take taxi), then Q (pay fare).**  
In logical terms: \( P \rightarrow Q \).  

The only way to **violate** this rule is: **P and not-Q** (take taxi and not pay fare).  

We have four cards:  

1. **Does not pay** → This is **not-Q**.  
   We need to check if the person **took a taxi** (P) on the other side.  
   If they took a taxi, rule is broken. So we must turn this card.  

2. **Takes taxi** → This is **P**.  
   We need to check if they **paid fare** (Q) on the other side.  
   If they did not pay, rule is broken. So we must turn this card.  

3. **Pays fare** → This is **Q**.  
   If Q is true, P could be true or false — rule is not violated either way.  
   So no need to turn.  

4. **Walks** → This is **not-P**.  
   If not-P is true, Q can be true or false — rule is not violated either way.  
   So no need to turn.  

Thus, only the cards **""Does not pay""** and **""Takes taxi""** must be turned over.  

ANSWER: Does not pay, Takes taxi","['Does not pay', 'Takes taxi']","['P', 'not_Q']",CORRECT,87,323,0
66,T67,2,660044,"If you take a Taxi, you must pay the Fare.","Rule: ""If you take a Taxi, you must pay the Fare.""
Cards: ['Pays fare', 'Takes taxi', 'Does not pay', 'Walks']

Which cards must you turn over?
Your answer:","['Pays fare', 'Takes taxi', 'Does not pay', 'Walks']","Let’s break this down.  

The rule is:  
**If you take a Taxi, you must pay the Fare.**  
This is logically: **If T (take taxi), then P (pay fare)**.  

In logical terms:  
- T → P  
- Contrapositive: not P → not T  

To check violations of the rule, we need to find cases where **T is true but P is false**.  
So we must check:  
1. Cards where **T is true** (to see if P is false for them).  
2. Cards where **P is false** (to see if T is true for them).  

---

**Cards given:**  
1. **Pays fare** → P is true → no need to check (rule only violated if P is false when T is true).  
2. **Takes taxi** → T is true → must check if P is false on other side.  
3. **Does not pay** → P is false → must check if T is true on other side.  
4. **Walks** → T is false → no need to check (rule says nothing about when not taking taxi).  

---

**Cards to turn over:**  
- **Takes taxi** (to ensure other side says “Pays fare”)  
- **Does not pay** (to ensure other side says “not Takes taxi”)  

---

ANSWER: Takes taxi, Does not pay","['Takes taxi', 'Does not pay']","['P', 'not_Q']",CORRECT,87,298,0
66,T67,3,660045,"If you take a Taxi, you must pay the Fare.","Rule: ""If you take a Taxi, you must pay the Fare.""
Cards: ['Pays fare', 'Does not pay', 'Walks', 'Takes taxi']

Which cards must you turn over?
Your answer:","['Pays fare', 'Does not pay', 'Walks', 'Takes taxi']","Let’s break this down.  

The rule is:  
**If you take a Taxi, you must pay the Fare.**  

In logical form:  
Take Taxi → Pay Fare.  

To check violations, we need to find cases where someone **takes a taxi** but **does not pay the fare**.  
That means we must check:  

1. **Cards where antecedent is true** (Takes taxi) — must verify the consequent (Pays fare).  
2. **Cards where consequent is false** (Does not pay) — must verify the antecedent is false (not Takes taxi).  

Cards given:  

- **Pays fare** → consequent is true. No violation possible from this alone (could have taken taxi or not, rule is satisfied either way). No need to check.  
- **Does not pay** → consequent false. Must check if antecedent is true (if they took taxi, that’s a violation). So **must turn this card**.  
- **Walks** → antecedent false. Rule says nothing about walking, so no violation regardless of paying or not. No need to check.  
- **Takes taxi** → antecedent true. Must check if consequent is true (pays fare). So **must turn this card**.  

Thus, only **Takes taxi** and **Does not pay** must be turned over.  

ANSWER: Takes taxi, Does not pay","['Takes taxi', 'Does not pay']","['P', 'not_Q']",CORRECT,87,291,0
66,T67,4,660046,"If you take a Taxi, you must pay the Fare.","Rule: ""If you take a Taxi, you must pay the Fare.""
Cards: ['Walks', 'Takes taxi', 'Does not pay', 'Pays fare']

Which cards must you turn over?
Your answer:","['Walks', 'Takes taxi', 'Does not pay', 'Pays fare']","Let’s break this down.  

The rule is:  
**If you take a Taxi, you must pay the Fare.**  

In logic terms:  
Let \( P \) = ""take a Taxi""  
Let \( Q \) = ""pay the Fare""  

Rule: \( P \rightarrow Q \) (If P, then Q)  

To check violations of this rule, we look for cases where \( P \) is true but \( Q \) is false.  
That means we must check:  
1. Cards where \( P \) is true (to see if \( Q \) is false for them).  
2. Cards where \( Q \) is false (to see if \( P \) is true for them).  

We don’t need to check cards where \( P \) is false (no requirement about them),  
and we don’t need to check cards where \( Q \) is true (they’re following the rule).  

---

**Cards given:**  
- **Walks** → \( \neg P \) (not taking taxi) → no need to check.  
- **Takes taxi** → \( P \) is true → must check if \( Q \) is false for this case.  
- **Does not pay** → \( \neg Q \) (not paying fare) → must check if \( P \) is true for this case.  
- **Pays fare** → \( Q \) is true → no need to check.  

---

So we must turn over:  
1. **Takes taxi** (to ensure they paid)  
2. **Does not pay** (to ensure they didn’t take a taxi)  

---

ANSWER: Takes taxi, Does not pay","['Takes taxi', 'Does not pay']","['P', 'not_Q']",CORRECT,87,348,0
67,T68,0,670042,"If a student is Caught cheating, they receive a Failing grade.","Rule: ""If a student is Caught cheating, they receive a Failing grade.""
Cards: ['Caught cheating', 'Honest work', 'Failing grade', 'Normal grade']

Which cards must you turn over?
Your answer:","['Caught cheating', 'Honest work', 'Failing grade', 'Normal grade']","Let’s break this down.  

The rule is:  
**If a student is caught cheating, then they receive a failing grade.**  
In logical form:  
If **P** (caught cheating), then **Q** (failing grade).  

The contrapositive is:  
If **not Q** (not failing grade), then **not P** (not caught cheating).  

We have four cards:  
1. **Caught cheating** → P is true.  
2. **Honest work** → not P.  
3. **Failing grade** → Q is true.  
4. **Normal grade** → not Q.  

To check if the rule holds, we must test cases that could violate it:  
- **P true but Q false** → card showing ""Caught cheating"" must be turned to check the back is ""Failing grade"".  
- **Q false but P true** → card showing ""Normal grade"" (not Q) must be turned to check the back is not ""Caught cheating"".  

Cards we don’t need to turn:  
- ""Honest work"" (not P) → rule says nothing about what happens if not P, so Q could be true or false.  
- ""Failing grade"" (Q true) → rule doesn’t forbid Q being true when P is false, so no violation here.  

Thus, must turn: **Caught cheating** and **Normal grade**.  

ANSWER: Caught cheating, Normal grade","['Caught cheating', 'Normal grade']","['P', 'not_Q']",CORRECT,89,310,0
67,T68,1,670043,"If a student is Caught cheating, they receive a Failing grade.","Rule: ""If a student is Caught cheating, they receive a Failing grade.""
Cards: ['Failing grade', 'Caught cheating', 'Normal grade', 'Honest work']

Which cards must you turn over?
Your answer:","['Failing grade', 'Caught cheating', 'Normal grade', 'Honest work']","Let’s break this down.  

The rule is:  
**If a student is caught cheating, they receive a failing grade.**  
In logical form:  
If **Caught cheating** → **Failing grade**.  

We have four cards:  
1. **Failing grade**  
2. **Caught cheating**  
3. **Normal grade**  
4. **Honest work**  

We need to check for violations of the rule.  
A violation would be: **Caught cheating** (antecedent true) but **not Failing grade** (consequent false).  

We test each card:  

- **Failing grade** (shows consequent is true)  
  → Does not violate the rule, because the rule doesn’t say anything about what happens if they get a failing grade (maybe they cheated, maybe not). No need to check the other side for violation here.  

- **Caught cheating** (shows antecedent is true)  
  → Must check the other side to ensure the grade is **Failing grade**. If it’s not, the rule is violated. So **must turn this card**.  

- **Normal grade** (shows **not Failing grade**, i.e., consequent false)  
  → Must check the other side to ensure they were **not caught cheating**. If they were caught cheating, the rule is violated. So **must turn this card**.  

- **Honest work** (shows **not Caught cheating**, i.e., antecedent false)  
  → Rule says nothing about this case (if not caught cheating, grade could be anything). So no need to turn.  

Thus, the cards to turn over are: **Caught cheating** and **Normal grade**.  

ANSWER: Caught cheating, Normal grade","['Caught cheating', 'Normal grade']","['P', 'not_Q']",CORRECT,89,370,0
67,T68,2,670044,"If a student is Caught cheating, they receive a Failing grade.","Rule: ""If a student is Caught cheating, they receive a Failing grade.""
Cards: ['Honest work', 'Caught cheating', 'Failing grade', 'Normal grade']

Which cards must you turn over?
Your answer:","['Honest work', 'Caught cheating', 'Failing grade', 'Normal grade']","Let’s break this down.  

The rule is:  
**If a student is caught cheating, they receive a failing grade.**  
In logical form:  
If **Caught cheating** → then **Failing grade**.  

We have four cards:  
1. Honest work  
2. Caught cheating  
3. Failing grade  
4. Normal grade  

We need to check only the cards that could violate the rule.  
The contrapositive is: If not failing grade → then not caught cheating.  

---

**Step 1 – Identify what to check for each card:**  
- **Caught cheating** (antecedent): Must check the other side to see if it says *Failing grade*. If it doesn’t, rule is broken.  
- **Failing grade** (consequent): Does not necessarily mean antecedent is true (could be failing for other reasons), so no need to check unless we suspect contrapositive? Wait — careful:  
  Actually, for ""If P then Q"", checking Q is unnecessary because Q can be true even if P is false. So we don’t need to check the *Failing grade* card for rule violation.  

- **Honest work** (not P): If not caught cheating, rule says nothing about grade, so no need to check.  
- **Normal grade** (not Q): If grade is not failing, then the student must not have been caught cheating. So we must check the other side of *Normal grade* to ensure it doesn’t say *Caught cheating*.  

---

**Step 2 – Apply Wason selection test logic:**  
We check:  
1. **Caught cheating** (P) → must see if other side is *Failing grade* (Q).  
2. **Normal grade** (not Q) → must see if other side is *Caught cheating* (P) — if it is, rule broken.  

We do **not** need to check:  
- Honest work (not P) — rule doesn’t constrain this case.  
- Failing grade (Q) — could be true regardless of P.  

---

**Step 3 – Conclusion:**  
Cards to turn over: **Caught cheating** and **Normal grade**.  

---

ANSWER: Caught cheating, Normal grade","['Caught cheating', 'Normal grade']","['P', 'not_Q']",CORRECT,89,478,0
67,T68,3,670045,"If a student is Caught cheating, they receive a Failing grade.","Rule: ""If a student is Caught cheating, they receive a Failing grade.""
Cards: ['Caught cheating', 'Failing grade', 'Honest work', 'Normal grade']

Which cards must you turn over?
Your answer:","['Caught cheating', 'Failing grade', 'Honest work', 'Normal grade']","Let’s break this down.  

The rule is:  
**If a student is caught cheating, then they receive a failing grade.**  

In logical terms:  
If **P** (caught cheating), then **Q** (failing grade).  

The contrapositive is:  
If **not Q** (not failing grade), then **not P** (not caught cheating).  

We have four cards:  

1. **Caught cheating** → P  
2. **Failing grade** → Q  
3. **Honest work** → not P  
4. **Normal grade** → not Q  

To test the rule, we need to check cases that could violate it.  
Possible violations:  
- **P true but Q false** (caught cheating but not failing grade)  
- **not Q true but P true** (normal grade but caught cheating) — same as above.  

So we check:  
- **Card 1 (Caught cheating / P)**: Must turn over to see if the other side is *not failing grade*.  
- **Card 2 (Failing grade / Q)**: No need to turn — Q being true doesn’t violate the rule regardless of P.  
- **Card 3 (Honest work / not P)**: No need to turn — rule says nothing about what happens if not P.  
- **Card 4 (Normal grade / not Q)**: Must turn over to see if the other side is *caught cheating* (P true), which would violate the rule.  

Thus, must turn over: **Caught cheating** and **Normal grade**.  

ANSWER: Caught cheating, Normal grade","['Caught cheating', 'Normal grade']","['P', 'not_Q']",CORRECT,89,348,0
67,T68,4,670046,"If a student is Caught cheating, they receive a Failing grade.","Rule: ""If a student is Caught cheating, they receive a Failing grade.""
Cards: ['Honest work', 'Normal grade', 'Failing grade', 'Caught cheating']

Which cards must you turn over?
Your answer:","['Honest work', 'Normal grade', 'Failing grade', 'Caught cheating']","Let’s go step by step.

The rule is: ""If a student is Caught cheating, they receive a Failing grade.""  
This is a conditional statement: If P (Caught cheating), then Q (Failing grade).  
In logical terms: P → Q.

We need to check cards to ensure the rule is not violated.  
Applying the Wason selection task principle:  
- To verify P → Q, we must check:  
  1. **Cards where P is true** (Caught cheating) → see if Q holds (should be Failing grade).  
  2. **Cards where Q is false** (not Failing grade) → see if P holds (should not be Caught cheating).

Given cards:  
1. ""Honest work"" → This means **not P** (not Caught cheating). We don’t need to turn it because rule only says what happens if P, not what happens if not P.  
2. ""Normal grade"" → This is **not Q** (not a Failing grade). We must turn it to ensure that the student was not Caught cheating (P false).  
3. ""Failing grade"" → This is **Q true**. Rule doesn’t forbid Q being true when P is false, so no need to check unless P is also true? Actually, we don’t need to turn Q-true cards because rule only says if P then Q, but if Q is true, P could be true or false — no violation. So not necessary to check.  
4. ""Caught cheating"" → This is **P true**. We must turn it to ensure Q is true (Failing grade).

Therefore, the cards to turn over: **Caught cheating** and **Normal grade**.

ANSWER: Caught cheating, Normal grade","['Caught cheating', 'Normal grade']","['P', 'not_Q']",CORRECT,89,375,0
68,T69,0,680042,"If an animal bites someone, it must be Quarantined.","Rule: ""If an animal bites someone, it must be Quarantined.""
Cards: ['Animal plays', 'Quarantined', 'Not quarantined', 'Animal bites']

Which cards must you turn over?
Your answer:","['Animal plays', 'Quarantined', 'Not quarantined', 'Animal bites']","Let’s break this down.  

The rule is:  
**If an animal bites someone, it must be quarantined.**  
In logical form:  
If **bites** → then **quarantined**.  

We have four cards:  
1. Animal plays  
2. Quarantined  
3. Not quarantined  
4. Animal bites  

We need to check which cards must be turned over to test whether the rule is being followed.  

---

**Step 1 – Identify logical structure**  
The rule is: **B → Q** (Bites implies Quarantined).  
Contrapositive: **not Q → not B** (If not quarantined, then it did not bite).  

To test the rule, we must check:  
- Cases where **B** is true → must verify **Q** is true.  
- Cases where **Q** is false → must verify **B** is false.  

---

**Step 2 – Map cards to logical propositions**  
- “Animal plays” → irrelevant to B or Q directly (plays ≠ bites, plays ≠ quarantined status). This is **not B** and unknown Q.  
- “Quarantined” → **Q** is true.  
- “Not quarantined” → **Q** is false.  
- “Animal bites” → **B** is true.  

---

**Step 3 – Which cards to turn**  
We check:  
1. **B true** card (“Animal bites”) → must see if other side shows “Quarantined” (Q true). If other side says “Not quarantined,” rule broken. So **must turn “Animal bites”**.  
2. **Q false** card (“Not quarantined”) → must see if other side shows “Animal bites” (B true). If other side says “Animal bites,” rule broken. So **must turn “Not quarantined”**.  

Other cards:  
- “Quarantined” (Q true) → B could be true or false; rule is not violated either way (because rule only says if B then Q, not if Q then B). So no need to turn.  
- “Animal plays” → not B, so rule’s antecedent is false, rule is vacuously true for this case. No need to turn.  

---

**Step 4 – Conclusion**  
Must turn: **Animal bites** and **Not quarantined**.  

---

ANSWER: Animal bites, Not quarantined","['Animal bites', 'Not quarantined']","['P', 'not_Q']",CORRECT,89,526,0
68,T69,1,680043,"If an animal bites someone, it must be Quarantined.","Rule: ""If an animal bites someone, it must be Quarantined.""
Cards: ['Animal bites', 'Not quarantined', 'Animal plays', 'Quarantined']

Which cards must you turn over?
Your answer:","['Animal bites', 'Not quarantined', 'Animal plays', 'Quarantined']","Let’s break this down.  

The rule is:  
**If an animal bites someone, it must be quarantined.**  
In logical form:  
Bites → Quarantined  

This is equivalent to:  
If not quarantined, then it did not bite.  
(Contrapositive: ¬Quarantined → ¬Bites)  

We have four cards:  

1. **Animal bites** → checks the antecedent (Bites is true). We need to see if the consequent (Quarantined) is true. If it’s not quarantined, rule is broken. So we must check this card.  
2. **Not quarantined** → checks the contrapositive: if not quarantined, then it must not have bitten. If it did bite, rule is broken. So we must check this card.  
3. **Animal plays** → irrelevant to the rule (rule only cares about biting, not playing). No need to check.  
4. **Quarantined** → this is the consequent being true. Rule says nothing about animals that don’t bite but are quarantined (that’s allowed). So no need to check.  

So we must turn over: **Animal bites** and **Not quarantined**.  

ANSWER: Animal bites, Not quarantined","['Animal bites', 'Not quarantined']","['P', 'not_Q']",CORRECT,89,278,0
68,T69,2,680044,"If an animal bites someone, it must be Quarantined.","Rule: ""If an animal bites someone, it must be Quarantined.""
Cards: ['Not quarantined', 'Animal plays', 'Quarantined', 'Animal bites']

Which cards must you turn over?
Your answer:","['Not quarantined', 'Animal plays', 'Quarantined', 'Animal bites']","Let’s break this down.  

The rule is:  
**If an animal bites someone, it must be quarantined.**  
In logical form:  
If **bites** → **quarantined**.  

We have four cards:  

1. **Not quarantined**  
2. **Animal plays**  
3. **Quarantined**  
4. **Animal bites**  

We need to check only the cards that could violate the rule.  
A violation would be: **bites** and **not quarantined**.  

So we check:  
- **Bites** side: If this card’s other side says “not quarantined,” that violates the rule. So we must turn over the “Animal bites” card.  
- **Not quarantined** side: If this card’s other side says “bites,” that violates the rule. So we must turn over the “Not quarantined” card.  

What about the others?  
- **Animal plays**: The rule says nothing about animals that play. Even if the other side says “not quarantined,” that’s fine because the rule only applies if it bites. So no need to check.  
- **Quarantined**: If an animal is quarantined, the rule doesn’t require that it bit someone (maybe quarantined for other reasons). So no need to check.  

Thus, only **Animal bites** and **Not quarantined** must be turned over.  

ANSWER: Animal bites, Not quarantined","['Animal bites', 'Not quarantined']","['P', 'not_Q']",CORRECT,89,322,0
68,T69,3,680045,"If an animal bites someone, it must be Quarantined.","Rule: ""If an animal bites someone, it must be Quarantined.""
Cards: ['Animal plays', 'Animal bites', 'Quarantined', 'Not quarantined']

Which cards must you turn over?
Your answer:","['Animal plays', 'Animal bites', 'Quarantined', 'Not quarantined']","Let’s break this down.  

The rule is:  
**If an animal bites someone, it must be quarantined.**  
In logical form:  
Bites → Quarantined  

We have four cards:  
1. Animal plays  
2. Animal bites  
3. Quarantined  
4. Not quarantined  

We need to check only the cards that could violate the rule.  
A violation of Bites → Quarantined is:  
Bites **and** Not quarantined.  

So we must check:  
- **Animal bites** (to see if the other side is ""Not quarantined"" — if it is, rule broken)  
- **Not quarantined** (to see if the other side is ""Animal bites"" — if it is, rule broken)  

The other two cards don’t matter:  
- ""Animal plays"" — even if the other side is ""Not quarantined"", rule doesn’t apply because the animal didn’t bite.  
- ""Quarantined"" — even if the other side is ""Animal bites"", that’s fine (bites → quarantined is satisfied).  

So the only cards to turn over are: **Animal bites** and **Not quarantined**.  

ANSWER: Animal bites, Not quarantined","['Animal bites', 'Not quarantined']","['P', 'not_Q']",CORRECT,89,276,0
68,T69,4,680046,"If an animal bites someone, it must be Quarantined.","Rule: ""If an animal bites someone, it must be Quarantined.""
Cards: ['Not quarantined', 'Quarantined', 'Animal plays', 'Animal bites']

Which cards must you turn over?
Your answer:","['Not quarantined', 'Quarantined', 'Animal plays', 'Animal bites']","Let’s break this down.  

The rule is:  
**If an animal bites someone, it must be quarantined.**  
In logical form:  
Bites → Quarantined  

We can think of it as:  
- If ""bites"" is true, then ""quarantined"" must be true.  
- The only way the rule is broken is if an animal bites someone but is **not quarantined**.  

We have four cards:  

1. **Not quarantined** → This is ""not quarantined"" case.  
   To check if the rule is violated, we need to see if this animal bit someone. If it did, rule is broken. So we must turn it over to check if it ""bites"".  

2. **Quarantined** → This is ""quarantined"" case.  
   The rule says nothing about non-biting animals being quarantined or not; they could be quarantined for other reasons. So no need to check the back of this card for violation.  

3. **Animal plays** → This is ""not bites"" case.  
   The rule only applies if it bites. If it plays, the rule’s condition is false, so the rule is not violated regardless of quarantine status. So no need to turn.  

4. **Animal bites** → This is ""bites"" case.  
   To check rule, we must see if it is quarantined. If not quarantined, rule is broken. So we must turn it over to check quarantine status.  

So cards to turn over: **Not quarantined** and **Animal bites**.  

ANSWER: Not quarantined, Animal bites","['Not quarantined', 'Animal bites']","['P', 'not_Q']",CORRECT,89,358,0
69,T70,0,690042,"If you park in a No-parking zone, your car gets Towed.","Rule: ""If you park in a No-parking zone, your car gets Towed.""
Cards: ['Parking lot', 'Not towed', 'Towed', 'No-parking zone']

Which cards must you turn over?
Your answer:","['Parking lot', 'Not towed', 'Towed', 'No-parking zone']","Let’s break this down.  

The rule is:  
**If you park in a No-parking zone, your car gets Towed.**  

This is a conditional statement:  
If **P** (park in No-parking zone), then **Q** (car gets Towed).  

In logic, to check if the rule is being followed, we need to test:  
1. **P → Q**  
2. Possible violations: **P and not Q** (i.e., someone parked in a No-parking zone but car was not towed).  

So we must check:  
- Any case where **P** is true (park in No-parking zone) → must verify **Q** is true (towed).  
- Any case where **Q** is false (not towed) → must verify **P** is false (not in No-parking zone).  

---

**Cards given:**  
1. **Parking lot** → This is **not P** (not necessarily a No-parking zone). No need to check unless we suspect it could be a No-parking zone, but the card just says “Parking lot” — could be a regular parking lot, so not necessarily violating. Logically, **not P** tells us nothing about Q in a conditional, so we don’t need to turn it.  
2. **Not towed** → This is **not Q**. Must check that **P** is false (i.e., not parked in No-parking zone). So we must turn this card.  
3. **Towed** → This is **Q**. If Q is true, P could be true or false (towed for other reasons). No violation possible here, so no need to turn.  
4. **No-parking zone** → This is **P**. Must check that **Q** is true (towed). So we must turn this card.  

---

**Must turn:**  
- **No-parking zone** (to check if towed)  
- **Not towed** (to check if parked in No-parking zone)  

---

ANSWER: No-parking zone, Not towed","['No-parking zone', 'Not towed']","['P', 'not_Q']",CORRECT,91,449,0
69,T70,1,690043,"If you park in a No-parking zone, your car gets Towed.","Rule: ""If you park in a No-parking zone, your car gets Towed.""
Cards: ['Towed', 'Not towed', 'Parking lot', 'No-parking zone']

Which cards must you turn over?
Your answer:","['Towed', 'Not towed', 'Parking lot', 'No-parking zone']","Let’s break this down.  

The rule is:  
**If you park in a No-parking zone, your car gets Towed.**  

In logic terms:  
Let \( P \) = ""park in a No-parking zone""  
Let \( Q \) = ""car gets Towed""  
Rule: \( P \rightarrow Q \)  

We have four cards:  
1. **Towed** (shows \( Q \) is true)  
2. **Not towed** (shows \( Q \) is false)  
3. **Parking lot** (shows \( P \) is false — because parking lot is not a No-parking zone)  
4. **No-parking zone** (shows \( P \) is true)  

For \( P \rightarrow Q \), the only way the rule can be violated is if \( P \) is true and \( Q \) is false.  
So we must check:  
- Cards where \( P \) is true (to see if \( Q \) is false for them) → **No-parking zone** card.  
- Cards where \( Q \) is false (to see if \( P \) is true for them) → **Not towed** card.  

We do **not** need to check:  
- **Towed** card: \( Q \) true, rule is satisfied regardless of \( P \).  
- **Parking lot** card: \( P \) false, rule is satisfied regardless of \( Q \).  

So the cards to turn over are: **No-parking zone** and **Not towed**.  

ANSWER: No-parking zone, Not towed","['No-parking zone', 'Not towed']","['P', 'not_Q']",CORRECT,91,340,0
69,T70,2,690044,"If you park in a No-parking zone, your car gets Towed.","Rule: ""If you park in a No-parking zone, your car gets Towed.""
Cards: ['No-parking zone', 'Parking lot', 'Towed', 'Not towed']

Which cards must you turn over?
Your answer:","['No-parking zone', 'Parking lot', 'Towed', 'Not towed']","Let’s break this down.  

The rule is:  
**If you park in a No-parking zone, your car gets Towed.**  
This is a conditional statement:  
If P (park in a No-parking zone), then Q (car gets Towed).  

In logic, to check if the rule is being followed, we need to test:  
1. **P → Q** (If P is true, Q must be true)  
2. The only way the rule is violated is: **P is true AND Q is false**.  

So we must check:  
- **Cards where P is true** (to make sure Q is true)  
- **Cards where Q is false** (to make sure P is false)  

---

**Cards given:**  
1. **No-parking zone** → This is P (parked in a No-parking zone).  
   We must check the back to see if the car was **Towed** (Q). If it’s not Towed, rule broken.  

2. **Parking lot** → This is **not P** (not a No-parking zone).  
   Rule doesn’t say anything about what happens if not P, so no need to check.  

3. **Towed** → This is Q (car gets Towed).  
   Rule says nothing about Q being true requiring P to be true (could be towed for other reasons). So no need to check.  

4. **Not towed** → This is **not Q**.  
   We must check the front to make sure it’s **not P** (not parked in a No-parking zone). If the front is P, rule broken.  

---

**Must turn over:**  
- **No-parking zone** (P card)  
- **Not towed** (not Q card)  

---

ANSWER: No-parking zone, Not towed","['No-parking zone', 'Not towed']","['P', 'not_Q']",CORRECT,91,399,0
69,T70,3,690045,"If you park in a No-parking zone, your car gets Towed.","Rule: ""If you park in a No-parking zone, your car gets Towed.""
Cards: ['Towed', 'Parking lot', 'No-parking zone', 'Not towed']

Which cards must you turn over?
Your answer:","['Towed', 'Parking lot', 'No-parking zone', 'Not towed']","Let’s break down the rule:

Rule: ""If you park in a No-parking zone, your car gets Towed.""

This is a conditional statement of the form: **If P, then Q**, where  
P = ""park in a No-parking zone""  
Q = ""car gets Towed""

We have cards:  
- **Towed** (represents Q true)  
- **Parking lot** (could represent parking somewhere else, i.e., not P)  
- **No-parking zone** (represents P true)  
- **Not towed** (represents Q false)

In logic, when checking such a rule with cards, we need to test for possible violations of the rule.  
The only way the rule is violated is if **P is true and Q is false** (parking in a No-parking zone, but car not towed).

So we must check cards that could show **P true** to see if Q is false, and cards that could show **Q false** to see if P is true.

Therefore:
- **No-parking zone (P true)** → must check if the other side shows ""Not towed"" (Q false).
- **Not towed (Q false)** → must check if the other side shows ""No-parking zone"" (P true).

Cards that don’t risk violating the rule:
- **Towed (Q true)** → even if P is false on the other side, rule is not violated (if not in No-parking zone, it’s irrelevant).
- **Parking lot (not P)** → even if Q is false on the other side, rule is not violated (rule only applies when P true).

So the only cards that **must** be turned over are **No-parking zone** and **Not towed**.

ANSWER: No-parking zone, Not towed","['No-parking zone', 'Not towed']","['P', 'not_Q']",CORRECT,91,389,0
69,T70,4,690046,"If you park in a No-parking zone, your car gets Towed.","Rule: ""If you park in a No-parking zone, your car gets Towed.""
Cards: ['Not towed', 'No-parking zone', 'Towed', 'Parking lot']

Which cards must you turn over?
Your answer:","['Not towed', 'No-parking zone', 'Towed', 'Parking lot']","Let’s break this down.  

The rule is:  
**If you park in a No-parking zone, your car gets Towed.**  

In logical form:  
If **P** (park in No-parking zone), then **Q** (car gets Towed).  

We have four cards:  

1. **Not towed** → This is **not Q** (¬Q).  
   To check if the rule is violated, we need to see if the other side says ""No-parking zone"" (P).  
   If it does, then P and ¬Q violates ""If P then Q"". So we must turn this card.  

2. **No-parking zone** → This is **P**.  
   We need to check if the other side says ""Towed"" (Q). If it says ""Not towed"", the rule is violated. So we must turn this card.  

3. **Towed** → This is **Q**.  
   ""If P then Q"" does not require that if Q is true, P must be true. Q can be true regardless of P (e.g., towed for other reasons). So no need to turn.  

4. **Parking lot** → This is **not P** (¬P).  
   ""If P then Q"" says nothing about what happens when P is false. So no need to turn.  

Thus, the cards we must turn over are: **Not towed** and **No-parking zone**.  

ANSWER: Not towed, No-parking zone","['Not towed', 'No-parking zone']","['P', 'not_Q']",CORRECT,91,324,0
70,T71,0,700042,"If a lawyer represents you, they must keep information Confidential.","Rule: ""If a lawyer represents you, they must keep information Confidential.""
Cards: ['No lawyer', 'Shared publicly', 'Has lawyer', 'Confidential']

Which cards must you turn over?
Your answer:","['No lawyer', 'Shared publicly', 'Has lawyer', 'Confidential']","Let’s break this down.  

The rule is:  
**If a lawyer represents you, they must keep information confidential.**  

In logical form:  
If **lawyer represents you** (P), then **information is kept confidential** (Q).  

The contrapositive is:  
If **information is not confidential** (not Q), then **lawyer does not represent you** (not P).  

We need to check cards to see if the rule is violated.  
Violations occur when:  
- P is true but Q is false (lawyer represents you, but information is not confidential).  

---

**Cards given:**  

1. **No lawyer** → This is **not P** (lawyer does not represent you).  
   - No need to check Q, because rule only says what happens if P is true.  
   - So no need to turn over? Wait — actually, if we turn it over, we might find Q false, but that’s fine because P is false. So no violation possible. So **don’t need to turn**.

2. **Shared publicly** → This is **not Q** (information not confidential).  
   - We must check P: if P is true (lawyer represents you), then rule is violated.  
   - So we **must turn** to see if P is true.

3. **Has lawyer** → This is **P** (lawyer represents you).  
   - We must check Q: if Q is false (information not confidential), then rule is violated.  
   - So we **must turn** to see if Q is true.

4. **Confidential** → This is **Q** (information confidential).  
   - If Q is true, no violation regardless of P.  
   - So **don’t need to turn**.

---

**Must turn over:**  
- **Shared publicly** (to check if “Has lawyer” on other side)  
- **Has lawyer** (to check if “Confidential” on other side)  

---

ANSWER: Has lawyer, Shared publicly","['Has lawyer', 'Shared publicly']","['P', 'not_Q']",CORRECT,83,428,0
70,T71,1,700043,"If a lawyer represents you, they must keep information Confidential.","Rule: ""If a lawyer represents you, they must keep information Confidential.""
Cards: ['Has lawyer', 'Shared publicly', 'No lawyer', 'Confidential']

Which cards must you turn over?
Your answer:","['Has lawyer', 'Shared publicly', 'No lawyer', 'Confidential']","Let’s break this down.  

The rule is:  
> If a lawyer represents you, they must keep information Confidential.  

In logical form:  
If **lawyer represents you** (P), then **information must be kept confidential** (Q).  

Contrapositive:  
If **information is not kept confidential** (not Q), then **lawyer does not represent you** (not P).  

We check each card:  

1. **Has lawyer** → This is P.  
   To check the rule, we need to see if Q holds (Confidential). Must turn over.  

2. **Shared publicly** → This is “not Q” (not confidential).  
   Contrapositive says: if not Q, then not P. So we must check if P is false (no lawyer). Must turn over.  

3. **No lawyer** → This is “not P”.  
   The rule “If P then Q” says nothing about when P is false — could be confidential or not, rule not violated. No need to turn over.  

4. **Confidential** → This is Q.  
   If Q is true, P could be true or false — rule not violated. No need to turn over.  

So only cards that must be turned: **Has lawyer** and **Shared publicly**.  

ANSWER: Has lawyer, Shared publicly","['Has lawyer', 'Shared publicly']","['P', 'not_Q']",CORRECT,83,283,0
70,T71,2,700044,"If a lawyer represents you, they must keep information Confidential.","Rule: ""If a lawyer represents you, they must keep information Confidential.""
Cards: ['Shared publicly', 'Confidential', 'No lawyer', 'Has lawyer']

Which cards must you turn over?
Your answer:","['Shared publicly', 'Confidential', 'No lawyer', 'Has lawyer']","Let’s break this down step by step.

**Rule:**  
""If a lawyer represents you, they must keep information Confidential.""  
This is a conditional statement of the form:  
If **P** (lawyer represents you), then **Q** (information is Confidential).

**Logical form:**  
P → Q  
Where:  
P = ""Has lawyer""  
Q = ""Confidential""  

**Cards given:**  
1. Shared publicly → This is the negation of Q (¬Q)  
2. Confidential → This is Q  
3. No lawyer → This is ¬P  
4. Has lawyer → This is P  

**Checking for violations:**  
A violation of P → Q occurs when P is true and Q is false.  
So we need to check cases where:  
- P is true (Has lawyer) → must ensure Q is true (Confidential)  
- If Q is false (Shared publicly) → must ensure P is false (No lawyer)  

**Which cards to turn over to test the rule:**  
- **P card (Has lawyer):** Must turn over to check if Q is true (Confidential). If it’s not Confidential, rule is broken.  
- **¬Q card (Shared publicly):** Must turn over to check if P is false (No lawyer). If it’s Has lawyer, rule is broken.  

**Other cards:**  
- Q card (Confidential): No need to turn over — even if P is true or false, rule is not violated because Q is true.  
- ¬P card (No lawyer): No need to turn over — if P is false, rule is not applicable.  

**Conclusion:**  
Must turn over: ""Has lawyer"" and ""Shared publicly"".

ANSWER: Has lawyer, Shared publicly","['Has lawyer', 'Shared publicly']","['P', 'not_Q']",CORRECT,83,368,0
70,T71,3,700045,"If a lawyer represents you, they must keep information Confidential.","Rule: ""If a lawyer represents you, they must keep information Confidential.""
Cards: ['Has lawyer', 'No lawyer', 'Shared publicly', 'Confidential']

Which cards must you turn over?
Your answer:","['Has lawyer', 'No lawyer', 'Shared publicly', 'Confidential']","Let’s break this down.  

The rule is:  
**If a lawyer represents you, they must keep information confidential.**  

This is a conditional statement of the form:  
If **P** (lawyer represents you), then **Q** (information is kept confidential).  

In logical terms:  
P → Q  

To check violations of this rule, we need to find cases where **P is true but Q is false**.  
That means we must turn over cards where:  

1. **P is true** (Has lawyer) — to check if Q is false (information not confidential).  
2. **Q is false** (not confidential) — to check if P is true (has lawyer).  

---

**Cards given:**  

- **Has lawyer** → This is **P true**. Must check if Q is false (i.e., information not confidential).  
- **No lawyer** → This is **P false**. No need to check because rule only applies when P is true.  
- **Shared publicly** → This is **Q false** (not confidential). Must check if P is true (has lawyer).  
- **Confidential** → This is **Q true**. No need to check because rule is not violated when Q is true regardless of P.  

---

**Cards to turn over:**  
1. **Has lawyer** (to see if information is confidential)  
2. **Shared publicly** (to see if person has a lawyer)  

---

ANSWER: Has lawyer, Shared publicly","['Has lawyer', 'Shared publicly']","['P', 'not_Q']",CORRECT,83,310,0
70,T71,4,700046,"If a lawyer represents you, they must keep information Confidential.","Rule: ""If a lawyer represents you, they must keep information Confidential.""
Cards: ['Confidential', 'Shared publicly', 'Has lawyer', 'No lawyer']

Which cards must you turn over?
Your answer:","['Confidential', 'Shared publicly', 'Has lawyer', 'No lawyer']","Let’s break down the rule:  
""If a lawyer represents you, they must keep information Confidential.""  
This is logically equivalent to:  
**If** ""Has lawyer"" → **then** ""Confidential"".

We need to check possible violations of the rule.

---

**Step 1 – Identify logical structure**  
Let P = ""Has lawyer""  
Let Q = ""Information is Confidential""  

Rule: P → Q  

Violations occur if P is true and Q is false (True antecedent, false consequent).

---

**Step 2 – Apply to cards**  
Cards:  

1. ""Confidential"" → This is Q true.  
   For P → Q, if Q is true, no violation regardless of P.  
   So we don’t need to check P behind this card if Q is already true here.  

2. ""Shared publicly"" → This is Q false (not Confidential).  
   We need to check whether P (""Has lawyer"") is true behind this card.  
   If it is, then we have violation (P true and Q false).  
   So must turn over ""Shared publicly"".

3. ""Has lawyer"" → This is P true.  
   We need to check whether Q (""Confidential"") is true behind this card.  
   If Q false behind it, violation.  
   So must turn over ""Has lawyer"".

4. ""No lawyer"" → This is P false.  
   For P → Q, if P false, rule doesn’t apply, so no violation regardless of Q.  
   So we don’t need to turn over ""No lawyer"".

---

**Step 3 – Conclusion**  
We must turn over:  
- ""Has lawyer"" (to check if Q true behind it)  
- ""Shared publicly"" (to check if P true behind it)  

Not necessary: ""Confidential"" and ""No lawyer"".

---

ANSWER: Has lawyer, Shared publicly","['Has lawyer', 'Shared publicly']","['P', 'not_Q']",CORRECT,83,398,0
71,T72,0,710042,"If you cross the Border, your Passport is checked.","Rule: ""If you cross the Border, your Passport is checked.""
Cards: ['No check', 'Staying in country', 'Passport checked', 'Crossing border']

Which cards must you turn over?
Your answer:","['No check', 'Staying in country', 'Passport checked', 'Crossing border']","Let’s break this down.  

The rule is:  
**If you cross the Border, your Passport is checked.**  
This is a conditional statement:  
If **P** (cross border) → **Q** (passport checked).  

Logically, the only way to violate this rule is if someone crosses the border **and** does **not** have their passport checked.  
So we need to check:  

1. **Cards that could show P (cross border) without Q (passport checked)** → must check if Q is true on the other side.  
2. **Cards that could show not-Q (no passport check)** → must check if P is true on the other side.  

---

**Cards given:**  

- **No check** → This is **not Q** (passport not checked).  
  Must check if other side says ""Crossing border"" (P), because if it does, rule is broken.  

- **Staying in country** → This is **not P** (not crossing border).  
  Rule says nothing about what happens if you don’t cross border, so no need to check.  

- **Passport checked** → This is **Q** (passport checked).  
  Even if other side says ""Crossing border"", rule is satisfied (P → Q is true).  
  If other side says ""Not crossing border"", rule is irrelevant. So no need to check.  

- **Crossing border** → This is **P** (crossing border).  
  Must check if other side says ""Passport checked"" (Q), because if it doesn’t, rule is broken.  

---

**Must turn over:**  
1. **Crossing border** (to check if passport checked)  
2. **No check** (to check if crossing border)  

---

ANSWER: Crossing border, No check","['Crossing border', 'No check']","['P', 'not_Q']",CORRECT,87,389,0
71,T72,1,710043,"If you cross the Border, your Passport is checked.","Rule: ""If you cross the Border, your Passport is checked.""
Cards: ['No check', 'Crossing border', 'Passport checked', 'Staying in country']

Which cards must you turn over?
Your answer:","['No check', 'Crossing border', 'Passport checked', 'Staying in country']","Let’s break this down.  

The rule is:  
**If you cross the Border, your Passport is checked.**  

This is a conditional statement of the form:  
If **P** (cross the border), then **Q** (passport is checked).  

In logic, to test whether the rule is being followed, we need to check:  
1. **P true → Q must be true** (cross border → must have passport checked)  
2. **If Q false → P must be false** (passport not checked → must not have crossed border)  

The cards are:  

- **No check** → Q is false  
- **Crossing border** → P is true  
- **Passport checked** → Q is true  
- **Staying in country** → P is false  

---

**Step 1 – Identify which cards to turn to verify the rule**  

We check possible violations:  

- **Violation 1:** P true and Q false → card shows “Crossing border” but other side says “No check”.  
  So we must check **Crossing border** card (P true) to ensure other side is not “No check”.  

- **Violation 2:** Q false and P true → card shows “No check” (Q false) but other side says “Crossing border” (P true).  
  So we must check **No check** card (Q false) to ensure other side is not “Crossing border”.  

---

**Step 2 – Do we need to check the others?**  

- **Passport checked** (Q true): If Q is true, rule says nothing about P (P could be true or false). No violation possible here.  
- **Staying in country** (P false): If P is false, rule says nothing about Q (Q could be true or false). No violation possible here.  

So only **Crossing border** and **No check** must be turned over.  

---

ANSWER: Crossing border, No check","['Crossing border', 'No check']","['P', 'not_Q']",CORRECT,87,422,0
71,T72,2,710044,"If you cross the Border, your Passport is checked.","Rule: ""If you cross the Border, your Passport is checked.""
Cards: ['Passport checked', 'Crossing border', 'Staying in country', 'No check']

Which cards must you turn over?
Your answer:","['Passport checked', 'Crossing border', 'Staying in country', 'No check']","Let’s break this down.  

The rule is:  
**If you cross the Border, your Passport is checked.**  
In logical form:  
If **P** (cross border) then **Q** (passport checked).  
This is **P → Q**.  

The contrapositive is:  
If **not Q** (passport not checked) then **not P** (not crossing border).  

We have four cards:  
1. **Passport checked** → Q is true  
2. **Crossing border** → P is true  
3. **Staying in country** → not P (not crossing border)  
4. **No check** → not Q (passport not checked)  

---

To test **P → Q**, we check:  
- **P card** (Crossing border): Must check back to see if Q is true on the other side. If Q is false, rule is broken. So must turn.  
- **not Q card** (No check): Must check back to see if P is false. If P is true, rule is broken. So must turn.  

Other cards:  
- **Q card** (Passport checked): If Q is true, rule says nothing about P (could be P true or P false). No need to turn.  
- **not P card** (Staying in country): If P is false, rule says nothing about Q (could be Q true or Q false). No need to turn.  

---

So must turn: **Crossing border** and **No check**.  

ANSWER: Crossing border, No check","['Crossing border', 'No check']","['P', 'not_Q']",CORRECT,87,332,0
71,T72,3,710045,"If you cross the Border, your Passport is checked.","Rule: ""If you cross the Border, your Passport is checked.""
Cards: ['Crossing border', 'No check', 'Passport checked', 'Staying in country']

Which cards must you turn over?
Your answer:","['Crossing border', 'No check', 'Passport checked', 'Staying in country']","Let’s break this down.  

The rule is:  
**If you cross the Border, your Passport is checked.**  
In logic terms:  
If P (cross border) → Q (passport checked).  

This is equivalent to:  
You cannot have P true and Q false.  

So the only violation case is:  
Cross border = Yes, Passport checked = No.  

We need to check cards that could possibly violate this rule.  

---

**Cards given:**  
1. **Crossing border** → This is P = true.  
   To check violation: we need to see if Q is false on the other side.  
   Must turn over to confirm Q is true.  

2. **No check** → This is Q = false.  
   To check violation: we need to see if P is true on the other side.  
   Must turn over to confirm P is false.  

3. **Passport checked** → This is Q = true.  
   If Q is true, the rule P → Q is automatically satisfied regardless of P (because Q true makes implication true).  
   No need to check.  

4. **Staying in country** → This is P = false.  
   If P is false, the rule P → Q is automatically true regardless of Q.  
   No need to check.  

---

**Must turn over:** Crossing border, No check.  

---

ANSWER: Crossing border, No check","['Crossing border', 'No check']","['P', 'not_Q']",CORRECT,87,301,0
71,T72,4,710046,"If you cross the Border, your Passport is checked.","Rule: ""If you cross the Border, your Passport is checked.""
Cards: ['Crossing border', 'Passport checked', 'No check', 'Staying in country']

Which cards must you turn over?
Your answer:","['Crossing border', 'Passport checked', 'No check', 'Staying in country']","Let’s break this down.  

The rule is:  
**If you cross the Border, your Passport is checked.**  
In logical form:  
If P (cross border) then Q (passport checked).  

This is equivalent to:  
P → Q  

To check violations of this rule, we need to find cases where P is true but Q is false.  
So we must turn over any card that could show P true without Q true, or Q false with P true.  

---

**Cards given:**  
1. **Crossing border** → This is P. We must check the other side to ensure Q (passport checked) is true.  
2. **Passport checked** → This is Q. If Q is false on the other side, that’s fine (Q false doesn’t violate P → Q unless P is true). But if the other side is P (crossing border), that’s fine too (P true and Q true). Actually, Q false on the other side is irrelevant unless P is true. Wait — careful: If the other side is P (crossing border), then P true and Q true, so no violation. If the other side is not P (not crossing border), then P is false, so rule is irrelevant. So we don’t need to check Q card for violation.  
3. **No check** → This is ¬Q. We must check the other side to ensure P is false. If P is true on the other side, that’s a violation (P true and Q false).  
4. **Staying in country** → This is ¬P. If P is false, rule is irrelevant, so no need to check.  

---

**Must turn over:**  
- Crossing border (P) → to ensure Q is true on the other side.  
- No check (¬Q) → to ensure P is false on the other side.  

---

ANSWER: Crossing border, No check","['Crossing border', 'No check']","['P', 'not_Q']",CORRECT,87,407,0
72,T73,0,720042,"If you file Taxes late, you pay a Penalty.","Rule: ""If you file Taxes late, you pay a Penalty.""
Cards: ['No penalty', 'On-time taxes', 'Late taxes', 'Penalty']

Which cards must you turn over?
Your answer:","['No penalty', 'On-time taxes', 'Late taxes', 'Penalty']","Let’s break this down step by step.  

**Step 1: Understand the rule**  
The rule is:  
> If you file Taxes late, you pay a Penalty.  

This is a conditional statement of the form:  
If **P** (file taxes late) then **Q** (pay a penalty).  

**Step 2: Identify logical forms**  
- P = ""file taxes late"" → corresponds to card ""Late taxes"".  
- Q = ""pay a penalty"" → corresponds to card ""Penalty"".  
- Not P = ""not file taxes late"" → could be ""On-time taxes"".  
- Not Q = ""no penalty"" → corresponds to card ""No penalty"".  

**Step 3: Determine which cards to check for rule violation**  
For a conditional ""If P then Q"", the only way it can be false is if **P is true and Q is false**.  
So we must check:  
1. **Cards where P is true** → to make sure Q is also true.  
2. **Cards where Q is false** → to make sure P is not true.  

We do **not** need to check cases where P is false (rule is automatically true regardless of Q) or where Q is true (rule could still be true regardless of P).  

**Step 4: Map to given cards**  
Given cards:  
- ""No penalty"" → Not Q (Q is false) → **must check** (to ensure P is not true).  
- ""On-time taxes"" → Not P (P is false) → no need to check (rule can’t be violated).  
- ""Late taxes"" → P (P is true) → **must check** (to ensure Q is true).  
- ""Penalty"" → Q (Q is true) → no need to check (doesn’t violate rule even if P is false).  

**Step 5: Conclusion**  
Must turn over: **Late taxes** and **No penalty**.  

ANSWER: Late taxes, No penalty","['Late taxes', 'No penalty']","['P', 'not_Q']",CORRECT,84,430,0
72,T73,1,720043,"If you file Taxes late, you pay a Penalty.","Rule: ""If you file Taxes late, you pay a Penalty.""
Cards: ['On-time taxes', 'Late taxes', 'Penalty', 'No penalty']

Which cards must you turn over?
Your answer:","['On-time taxes', 'Late taxes', 'Penalty', 'No penalty']","Let’s break this down.  

The rule is:  
**If you file Taxes late, you pay a Penalty.**  
This is a conditional statement of the form:  
If **P** (file taxes late) → then **Q** (pay a penalty).  

In logical terms:  
P = ""Late taxes""  
Q = ""Penalty""  

The contrapositive is:  
If not Q (no penalty) → then not P (not late taxes).  

---

**Cards given:**  
1. On-time taxes → This is **not P** (not late).  
2. Late taxes → This is **P**.  
3. Penalty → This is **Q**.  
4. No penalty → This is **not Q**.  

---

**Checking each card for necessity to verify the rule:**  

- **Card 1: On-time taxes (not P)**  
  The rule says nothing about what happens if you file on time.  
  You could still pay a penalty or not — no violation possible from this card.  
  → **Do not need to turn**.  

- **Card 2: Late taxes (P)**  
  Must check if there is a penalty (Q). If there’s no penalty, the rule is violated.  
  → **Must turn**.  

- **Card 3: Penalty (Q)**  
  If there’s a penalty, does that mean taxes were late? Not necessarily — penalty could be for other reasons.  
  The rule doesn’t say “only if late, penalty” — it’s one-way.  
  → **Do not need to turn**.  

- **Card 4: No penalty (not Q)**  
  If there’s no penalty, then according to the contrapositive, taxes cannot be late.  
  Must check if taxes were late — if they were, rule is violated.  
  → **Must turn**.  

---

**Cards to turn over:** Late taxes, No penalty.  

ANSWER: Late taxes, No penalty","['Late taxes', 'No penalty']","['P', 'not_Q']",CORRECT,84,418,0
72,T73,2,720044,"If you file Taxes late, you pay a Penalty.","Rule: ""If you file Taxes late, you pay a Penalty.""
Cards: ['Penalty', 'Late taxes', 'On-time taxes', 'No penalty']

Which cards must you turn over?
Your answer:","['Penalty', 'Late taxes', 'On-time taxes', 'No penalty']","Let’s break this down.  

The rule is:  
**If you file Taxes late, you pay a Penalty.**  

In logic terms:  
- **If P (file taxes late), then Q (pay a penalty).**  
- Contrapositive: If not Q (no penalty), then not P (not file taxes late).  

We need to check for violations of the rule.  
A violation would be: **P true and Q false** → file taxes late but do not pay a penalty.  

---

**Cards given:**  
1. **Penalty** → This is Q (pay a penalty).  
   - Q true doesn’t tell us about P (could be late or on-time).  
   - No need to check Q true cards for violation.  
   - So **do not turn** this one.  

2. **Late taxes** → This is P (file taxes late).  
   - Must check if Q is false on the other side. If Q is false, rule is broken.  
   - So **must turn** this one.  

3. **On-time taxes** → This is not P (not file taxes late).  
   - If not P, rule says nothing about Q (could be penalty or no penalty).  
   - So **do not turn** this one.  

4. **No penalty** → This is not Q (no penalty).  
   - Must check if P is true on the other side. If P is true, rule is broken.  
   - So **must turn** this one.  

---

**Must turn over:** Late taxes, No penalty.  

ANSWER: Late taxes, No penalty","['Late taxes', 'No penalty']","['P', 'not_Q']",CORRECT,84,345,0
72,T73,3,720045,"If you file Taxes late, you pay a Penalty.","Rule: ""If you file Taxes late, you pay a Penalty.""
Cards: ['Late taxes', 'Penalty', 'On-time taxes', 'No penalty']

Which cards must you turn over?
Your answer:","['Late taxes', 'Penalty', 'On-time taxes', 'No penalty']","Let’s break this down.  

The rule is:  
> If you file Taxes late, you pay a Penalty.  

In logic terms:  
- Let \( P \) = ""file Taxes late""  
- Let \( Q \) = ""pay a Penalty""  
Rule: \( P \rightarrow Q \)  

The contrapositive is:  
\( \neg Q \rightarrow \neg P \) (If you do not pay a penalty, then you did not file taxes late).  

We have four cards:  
1. **Late taxes** → \( P \) true  
2. **Penalty** → \( Q \) true  
3. **On-time taxes** → \( P \) false  
4. **No penalty** → \( Q \) false  

To check if the rule holds, we must test cases that could violate it.  
A violation of \( P \rightarrow Q \) occurs when \( P \) is true and \( Q \) is false.  

So we must check:  
- Any card where \( P \) is true (to see if \( Q \) is false on the other side) → **Turn ""Late taxes""** (card 1).  
- Any card where \( Q \) is false (to see if \( P \) is true on the other side) → **Turn ""No penalty""** (card 4).  

Cards where \( P \) is false (On-time taxes) or \( Q \) is true (Penalty) do not risk violating the rule, so we don’t need to turn them.  

**Final answer:**  
ANSWER: Late taxes, No penalty","['Late taxes', 'No penalty']","['P', 'not_Q']",CORRECT,84,329,0
72,T73,4,720046,"If you file Taxes late, you pay a Penalty.","Rule: ""If you file Taxes late, you pay a Penalty.""
Cards: ['Penalty', 'No penalty', 'On-time taxes', 'Late taxes']

Which cards must you turn over?
Your answer:","['Penalty', 'No penalty', 'On-time taxes', 'Late taxes']","Let’s break this down.  

**Step 1: Understanding the rule**  
Rule: ""If you file Taxes late, you pay a Penalty.""  
Logical form: If **Late taxes**, then **Penalty**.  
In logic: \( L \rightarrow P \)  

**Step 2: Identifying the contrapositive**  
Contrapositive: If **No penalty**, then **Not late taxes** (i.e., On-time taxes).  

**Step 3: Cards and what they represent**  
- 'Penalty' → P is true (you paid a penalty)  
- 'No penalty' → P is false (you did not pay a penalty)  
- 'On-time taxes' → L is false (you did not file late)  
- 'Late taxes' → L is true (you filed late)  

**Step 4: Which cards to check to test the rule**  
We want to see if there are any violations of \( L \rightarrow P \).  
Violation happens only if \( L \) is true and \( P \) is false.  

So we check:  
1. Cards where **L is true** → 'Late taxes' card → must check other side for Penalty (if other side says ""No penalty"", rule is broken).  
2. Cards where **P is false** → 'No penalty' card → must check other side for Late taxes (if other side says ""Late taxes"", rule is broken).  

**Step 5: Why not the other cards?**  
- 'Penalty' card (P true): Rule says if L then P, but P true could happen with L true or L false — no violation possible regardless of other side.  
- 'On-time taxes' card (L false): If L false, rule is automatically satisfied regardless of P.  

**Step 6: Conclusion**  
Must turn over: **Late taxes** and **No penalty**.  

ANSWER: Late taxes, No penalty","['Late taxes', 'No penalty']","['P', 'not_Q']",CORRECT,84,407,0
73,T74,0,730042,"If a restaurant receives a Health violation, it must Close temporarily.","Rule: ""If a restaurant receives a Health violation, it must Close temporarily.""
Cards: ['Health violation', 'Stays open', 'Clean inspection', 'Closes']

Which cards must you turn over?
Your answer:","['Health violation', 'Stays open', 'Clean inspection', 'Closes']","Let’s break this down.  

The rule is:  
**If a restaurant receives a Health violation, it must Close temporarily.**  

In logical terms:  
- If **Health violation** → then **must Close temporarily**.  
- Contrapositive: If **not Close temporarily** → then **not Health violation**.  

We have four cards:  

1. **Health violation**  
2. **Stays open**  
3. **Clean inspection**  
4. **Closes**  

We need to check only the cards necessary to verify the rule holds.  

---

**Step 1 – Identify what each card represents in logic terms**  
- **Health violation** = antecedent true (P true)  
- **Stays open** = consequent false (Q false) because “Close temporarily” is false  
- **Clean inspection** = antecedent false (P false) — irrelevant to the truth of the rule  
- **Closes** = consequent true (Q true) — irrelevant to the truth of the rule  

---

**Step 2 – Which cards must be turned over to test the rule?**  
We check:  
- **P true card (Health violation)** → must check other side to see if Q is true (must be “Closes”). If other side is not “Closes,” rule is broken.  
- **Q false card (Stays open)** → must check other side to see if P is true. If other side is “Health violation,” rule is broken (because P true but Q false).  

**P false card (Clean inspection)** → rule says nothing about this case, so no need to check.  
**Q true card (Closes)** → rule is satisfied regardless of P (could be health violation or not), so no need to check.  

---

**Step 3 – Conclusion**  
Must turn over: **Health violation** and **Stays open**.  

---

ANSWER: Health violation, Stays open","['Health violation', 'Stays open']","['P', 'not_Q']",CORRECT,85,399,0
73,T74,1,730043,"If a restaurant receives a Health violation, it must Close temporarily.","Rule: ""If a restaurant receives a Health violation, it must Close temporarily.""
Cards: ['Stays open', 'Closes', 'Health violation', 'Clean inspection']

Which cards must you turn over?
Your answer:","['Stays open', 'Closes', 'Health violation', 'Clean inspection']","Let’s break this down.  

The rule is:  
**If a restaurant receives a Health violation → it must Close temporarily.**  

This is a conditional statement:  
- **If P (Health violation) then Q (Closes).**  
- Logically: P → Q.  

When checking cards for violations of this rule, we need to find cases where the rule is broken.  
The only way the rule is broken is if **P is true and Q is false** (Health violation but does not Close).  

We have four cards:  

1. **Stays open** → This means **not Closes** (¬Q).  
   To see if the rule is broken, we need to check if the other side is **Health violation** (P).  
   If the other side is Health violation, then P true and Q false → rule broken.  
   So we must turn this card.  

2. **Closes** → This means Q is true.  
   If Q is true, the rule P → Q is satisfied regardless of P (because if P is true, Q is true; if P is false, rule is vacuously true).  
   So no need to check this card.  

3. **Health violation** → This means P is true.  
   To see if rule holds, we need to check if Q is true (Closes).  
   If the other side is not Closes, rule is broken.  
   So we must turn this card.  

4. **Clean inspection** → This means not Health violation (¬P).  
   If P is false, rule is automatically satisfied regardless of Q.  
   So no need to check this card.  

**Cards to turn over:** Stays open (¬Q) and Health violation (P).  

ANSWER: Stays open, Health violation","['Stays open', 'Health violation']","['P', 'not_Q']",CORRECT,85,381,0
73,T74,2,730044,"If a restaurant receives a Health violation, it must Close temporarily.","Rule: ""If a restaurant receives a Health violation, it must Close temporarily.""
Cards: ['Closes', 'Health violation', 'Stays open', 'Clean inspection']

Which cards must you turn over?
Your answer:","['Closes', 'Health violation', 'Stays open', 'Clean inspection']","Let’s break this down.  

The rule is:  
> If a restaurant receives a Health violation, it must Close temporarily.  

In logical terms:  
- If **Health violation** → **must Close**  
- Contrapositive: If **not Close** → **not Health violation**  

We have four cards:  
1. **Closes**  
2. **Health violation**  
3. **Stays open**  
4. **Clean inspection**  

We need to check only the cards necessary to verify the rule holds.  

---

**Step 1 – Identify what each card represents in logic terms**  
- **Closes** → This is the **then** part of the rule (Close).  
- **Health violation** → This is the **if** part of the rule (Health violation).  
- **Stays open** → This is **not Close**.  
- **Clean inspection** → This is **not Health violation**.  

---

**Step 2 – Which cards to turn over to test the rule**  

We check two directions:  
1. **If Health violation → must Close**  
   - Card showing **Health violation**: We must check the other side to ensure it says **Closes**.  
   - So turn over **Health violation**.  

2. Contrapositive: **If not Close → not Health violation**  
   - Card showing **not Close** = **Stays open**. We must check the other side to ensure it does **not** say **Health violation**.  
   - So turn over **Stays open**.  

---

**Step 3 – Why not the others?**  
- **Closes** card: If we see Closes, the rule doesn’t require anything about Health violation (could be Health violation or not — rule only says Health violation forces Close, not that Closing means Health violation). So no need to check.  
- **Clean inspection** card: This is **not Health violation**. The rule says nothing about what happens if no Health violation (could Close or Stay open). So no need to check.  

---

**Step 4 – Conclusion**  
Must turn over: **Health violation** and **Stays open**.  

---

ANSWER: Health violation, Stays open","['Health violation', 'Stays open']","['P', 'not_Q']",CORRECT,85,461,0
73,T74,3,730045,"If a restaurant receives a Health violation, it must Close temporarily.","Rule: ""If a restaurant receives a Health violation, it must Close temporarily.""
Cards: ['Stays open', 'Health violation', 'Closes', 'Clean inspection']

Which cards must you turn over?
Your answer:","['Stays open', 'Health violation', 'Closes', 'Clean inspection']","Let’s break this down.  

The rule is:  
**If a restaurant receives a Health violation, it must Close temporarily.**  

In logical terms:  
- If **Health violation** → then **Close temporarily**.  
- Contrapositive: If **not Close temporarily** → then **not Health violation**.  

We have four cards:  

1. **Stays open** → This means ""not Close temporarily.""  
   - From contrapositive: If not Close temporarily → not Health violation.  
   - So we must check the back of ""Stays open"" to ensure there is **no Health violation** on the other side.  
   - Must turn this card.  

2. **Health violation** → This is the antecedent of the rule.  
   - If Health violation → must Close temporarily.  
   - So we must check the back of ""Health violation"" to ensure it says ""Closes"" (or equivalent).  
   - Must turn this card.  

3. **Closes** → This is the consequent of the rule.  
   - Rule says: If Health violation → Closes.  
   - But if Closes, the rule doesn’t say anything about whether there was a Health violation (could be for other reasons).  
   - So no need to turn this card.  

4. **Clean inspection** → This means ""not Health violation.""  
   - If not Health violation, the rule says nothing about whether it closes or not (rule only applies if Health violation occurs).  
   - So no need to turn this card.  

**Cards to turn over:** Stays open, Health violation.  

ANSWER: Stays open, Health violation","['Stays open', 'Health violation']","['P', 'not_Q']",CORRECT,85,344,0
73,T74,4,730046,"If a restaurant receives a Health violation, it must Close temporarily.","Rule: ""If a restaurant receives a Health violation, it must Close temporarily.""
Cards: ['Health violation', 'Clean inspection', 'Stays open', 'Closes']

Which cards must you turn over?
Your answer:","['Health violation', 'Clean inspection', 'Stays open', 'Closes']","Let’s break this down.  

The rule is:  
> If a restaurant receives a Health violation, it must Close temporarily.  

In logical terms:  
- **If** Health violation → **then** Close temporarily.  
- Contrapositive: If not Close temporarily → then not Health violation.  

We have four cards:  
1. **Health violation** (P true)  
2. **Clean inspection** (not P)  
3. **Stays open** (not Q, because Q = Closes temporarily)  
4. **Closes** (Q true)  

We need to check only cards that could violate the rule.  
A violation of “If P then Q” occurs when **P is true and Q is false**.  

So we check:  
- **Health violation (P true)**: Must check other side to ensure Q is true (Closes). If other side is “Stays open,” rule is broken. → **Must turn**.  
- **Clean inspection (not P)**: Rule says nothing about this case; could be open or closed, no violation possible from this card alone. → No need to turn.  
- **Stays open (not Q)**: Could be paired with P true (Health violation) on other side, which would break the rule. Must check other side to ensure it’s not Health violation. → **Must turn**.  
- **Closes (Q true)**: Even if other side is Health violation, rule is satisfied (P true → Q true). If other side is not Health violation, still fine. → No need to turn.  

So must turn: **Health violation** and **Stays open**.  

ANSWER: Health violation, Stays open","['Health violation', 'Stays open']","['P', 'not_Q']",CORRECT,85,354,0
74,T75,0,740042,"If you use a Crosswalk, cars must Yield.","Rule: ""If you use a Crosswalk, cars must Yield.""
Cards: ['Cars yield', 'Jaywalking', 'Crosswalk', 'Cars do not yield']

Which cards must you turn over?
Your answer:","['Cars yield', 'Jaywalking', 'Crosswalk', 'Cars do not yield']","Let’s break this down.  

The rule is:  
**If you use a Crosswalk, cars must Yield.**  

In logical form:  
If **Crosswalk** → **Cars yield**.  

Contrapositive:  
If **Cars do not yield** → **Not using a Crosswalk**.  

We are checking for violations of the rule.  
We have four cards:  

1. **Cars yield**  
2. **Jaywalking**  
3. **Crosswalk**  
4. **Cars do not yield**  

---

**Step 1 – Identify what each card represents in terms of the rule**  
- “Cars yield” → This is the **consequent** (Cars must yield) being true.  
- “Jaywalking” → This is **not using a Crosswalk** (irrelevant to antecedent being true).  
- “Crosswalk” → This is the **antecedent** (using a Crosswalk) being true.  
- “Cars do not yield” → This is the **negation of the consequent** (Cars must yield is false).  

---

**Step 2 – Which cards must be checked for possible violations?**  
We check:  
- Cards where **antecedent is true** (Crosswalk) → must check other side for “Cars yield” (if not, rule broken).  
- Cards where **consequent is false** (Cars do not yield) → must check other side for “Crosswalk” (if Crosswalk, rule broken).  

---

**Step 3 – Apply to each card**  

1. **Cars yield** (consequent true)  
   - No need to check: even if Crosswalk on other side, rule is satisfied.  
   - If not Crosswalk on other side, rule not violated.  
   → **Do not turn**.  

2. **Jaywalking** (not Crosswalk)  
   - Antecedent false → rule not applicable.  
   → **Do not turn**.  

3. **Crosswalk** (antecedent true)  
   - Must check other side: if other side says “Cars do not yield,” rule broken.  
   → **Must turn**.  

4. **Cars do not yield** (consequent false)  
   - Must check other side: if other side says “Crosswalk,” rule broken.  
   → **Must turn**.  

---

**Step 4 – Conclusion**  
Must turn over: **Crosswalk** and **Cars do not yield**.  

ANSWER: Crosswalk, Cars do not yield","['Crosswalk', 'Cars do not yield']","['P', 'not_Q']",CORRECT,87,539,0
74,T75,1,740043,"If you use a Crosswalk, cars must Yield.","Rule: ""If you use a Crosswalk, cars must Yield.""
Cards: ['Jaywalking', 'Cars do not yield', 'Crosswalk', 'Cars yield']

Which cards must you turn over?
Your answer:","['Jaywalking', 'Cars do not yield', 'Crosswalk', 'Cars yield']","Let’s break this down.  

**Rule:** ""If you use a Crosswalk, cars must Yield.""  
This is a conditional statement:  
- **If P (use a Crosswalk), then Q (cars must Yield).**  

Logically: P → Q.  

To check if the rule is being violated, we look for cases where **P is true but Q is false**.  
That means we must check:  
1. **Cards where P is true** (Crosswalk) → must verify Q is true.  
2. **Cards where Q is false** (Cars do not yield) → must verify P is false (i.e., not using a Crosswalk).  

Cards we don’t need to check:  
- Where P is false (not using a Crosswalk) → rule says nothing about what happens.  
- Where Q is true (Cars yield) → no violation regardless of P.  

---

**Given cards:**  

1. **Jaywalking** → This means *not using a Crosswalk* (P is false).  
   Since P is false, the rule isn’t violated regardless of Q. **No need to check**.  

2. **Cars do not yield** → This is Q false.  
   Must check if P is true (Crosswalk). If P is true here, rule is violated. **Must check this card**.  

3. **Crosswalk** → This is P true.  
   Must check if Q is true (Cars yield). **Must check this card**.  

4. **Cars yield** → This is Q true.  
   Rule is satisfied regardless of P. **No need to check**.  

---

**Cards to turn over:**  
- Crosswalk (to see if cars yield)  
- Cars do not yield (to see if they were at a crosswalk)  

---

ANSWER: Crosswalk, Cars do not yield","['Crosswalk', 'Cars do not yield']","['P', 'not_Q']",CORRECT,87,396,0
74,T75,2,740044,"If you use a Crosswalk, cars must Yield.","Rule: ""If you use a Crosswalk, cars must Yield.""
Cards: ['Jaywalking', 'Cars yield', 'Crosswalk', 'Cars do not yield']

Which cards must you turn over?
Your answer:","['Jaywalking', 'Cars yield', 'Crosswalk', 'Cars do not yield']","Let’s break this down.  

**Rule:** ""If you use a Crosswalk, cars must Yield.""  
This is a conditional statement:  
- **If P (use a Crosswalk), then Q (cars must Yield).**  

Logically: P → Q.  

**Cards:**  
1. Jaywalking → This is **not P** (not using a crosswalk).  
2. Cars yield → This is **Q** (cars must yield).  
3. Crosswalk → This is **P** (using a crosswalk).  
4. Cars do not yield → This is **not Q** (cars do not yield).  

---

**Checking for violations of P → Q:**  
- The only way the rule is violated is if **P is true and Q is false**.  
- So we must check **P** (Crosswalk) to see if Q is false.  
- We must check **not Q** (Cars do not yield) to see if P is true.  

**Why not check others?**  
- **Jaywalking (not P)**: If not P, rule says nothing about Q, so no violation possible regardless of Q.  
- **Cars yield (Q)**: If Q is true, rule is satisfied regardless of P.  

---

**Cards to turn over:**  
- **Crosswalk (P)** → because if on the other side it says ""Cars do not yield"", rule is broken.  
- **Cars do not yield (not Q)** → because if on the other side it says ""Crosswalk"", rule is broken.  

---

ANSWER: Crosswalk, Cars do not yield","['Crosswalk', 'Cars do not yield']","['P', 'not_Q']",CORRECT,87,344,0
74,T75,3,740045,"If you use a Crosswalk, cars must Yield.","Rule: ""If you use a Crosswalk, cars must Yield.""
Cards: ['Crosswalk', 'Cars do not yield', 'Cars yield', 'Jaywalking']

Which cards must you turn over?
Your answer:","['Crosswalk', 'Cars do not yield', 'Cars yield', 'Jaywalking']","Let’s break this down.  

The rule is:  
**If you use a Crosswalk, cars must Yield.**  

In logical form:  
If **P** (use a Crosswalk) → then **Q** (cars must Yield).  

The contrapositive is:  
If **not Q** (cars do not yield) → then **not P** (not using a Crosswalk, i.e., not using a Crosswalk means you are doing something else, possibly jaywalking or using another crossing method).  

We have four cards:  

1. **Crosswalk** → This is **P**.  
   We need to check if **Q** holds. If someone used a Crosswalk, cars must yield. So we must turn this card to see if on the other side it says “Cars yield” or not.  

2. **Cars do not yield** → This is **not Q**.  
   We need to check if **not P** holds (i.e., the person was not using a Crosswalk). So we must turn this card to see if the other side says “Crosswalk” or something else.  

3. **Cars yield** → This is **Q**.  
   The rule says **P → Q**, but if Q is true, P could be true or false — no violation. So we don’t need to check this card.  

4. **Jaywalking** → This is **not P** (since jaywalking means not using a Crosswalk).  
   The rule says nothing about what happens if not P. Cars may or may not yield — no violation. So we don’t need to check this card.  

Thus, only cards that must be turned over: **Crosswalk** and **Cars do not yield**.  

ANSWER: Crosswalk, Cars do not yield","['Crosswalk', 'Cars do not yield']","['P', 'not_Q']",CORRECT,87,383,0
74,T75,4,740046,"If you use a Crosswalk, cars must Yield.","Rule: ""If you use a Crosswalk, cars must Yield.""
Cards: ['Cars yield', 'Crosswalk', 'Cars do not yield', 'Jaywalking']

Which cards must you turn over?
Your answer:","['Cars yield', 'Crosswalk', 'Cars do not yield', 'Jaywalking']","Let’s break this down.

**Rule:** ""If you use a Crosswalk, cars must Yield.""  
This is a conditional statement in logic:  
If P (use a Crosswalk) → Q (cars must Yield).

**Truth table implication:**  
P → Q is false only when P is true and Q is false.  
So, to test whether the rule holds, we must check cases where P is true (use a Crosswalk) and cases where Q is false (cars do not yield), and ensure they don’t occur together.

---

**Cards:**
1. 'Cars yield' → This is **Q true**.  
   If Q is true, we don’t need to check because the rule could still be true regardless of P.  
   Turning this card over does not reveal a violation, because Q true is consistent with the rule.  
   → *No need to turn.*

2. 'Crosswalk' → This is **P true**.  
   If P is true, we must check Q: cars must yield.  
   If on the other side it says “cars do not yield”, that’s a violation.  
   → *Must turn over.*

3. 'Cars do not yield' → This is **Q false**.  
   If Q is false, we must check P: we need to see if the person used a Crosswalk.  
   If on the other side it says “Crosswalk”, that’s a violation.  
   → *Must turn over.*

4. 'Jaywalking' → This is not P (not using a Crosswalk).  
   P is false here.  
   When P is false, the rule P → Q is automatically true regardless of Q.  
   So no violation possible.  
   → *No need to turn over.*

---

**Cards to turn over:** Crosswalk (P true) and Cars do not yield (Q false).

ANSWER: Crosswalk, Cars do not yield","['Crosswalk', 'Cars do not yield']","['P', 'not_Q']",CORRECT,87,405,0
75,T76,0,750042,"If you receive a Subpoena, you must appear in Court.","Rule: ""If you receive a Subpoena, you must appear in Court.""
Cards: ['Subpoena', 'Does not appear', 'No subpoena', 'Appears in court']

Which cards must you turn over?
Your answer:","['Subpoena', 'Does not appear', 'No subpoena', 'Appears in court']","Let’s break this down.  

The rule is:  
**If you receive a Subpoena, you must appear in Court.**  

In logical terms:  
If **P** (receive a Subpoena), then **Q** (appear in Court).  

The contrapositive is:  
If **not Q** (does not appear in Court), then **not P** (did not receive a Subpoena).  

We check each card to see if it could violate the rule:  

1. **Subpoena (P)** → Must check if **Q** is true (appears in Court). If they didn’t appear, rule broken. So must turn this card.  
2. **Does not appear (not Q)** → Must check if **P** is true (received a Subpoena). If they received one, rule broken. So must turn this card.  
3. **No subpoena (not P)** → Rule only says what happens if P is true; if P is false, rule says nothing about Q. So no need to check.  
4. **Appears in court (Q)** → If Q is true, rule is satisfied regardless of P. No violation possible. So no need to check.  

Thus, only cards that must be turned over: **Subpoena** and **Does not appear**.  

ANSWER: Subpoena, Does not appear","['Subpoena', 'Does not appear']","['P', 'not_Q']",CORRECT,90,291,0
75,T76,1,750043,"If you receive a Subpoena, you must appear in Court.","Rule: ""If you receive a Subpoena, you must appear in Court.""
Cards: ['Does not appear', 'No subpoena', 'Subpoena', 'Appears in court']

Which cards must you turn over?
Your answer:","['Does not appear', 'No subpoena', 'Subpoena', 'Appears in court']","Let’s break this down.  

The rule is:  
> If you receive a Subpoena, you must appear in Court.  

In logic terms:  
- If P (receive a Subpoena), then Q (appear in Court).  
- Contrapositive: If not Q (does not appear), then not P (no subpoena).  

We check each card to see if it could violate the rule:  

1. **Does not appear** → This is “not Q”.  
   - We must check that P is false (no subpoena).  
   - So we must turn this card to verify there’s “no subpoena” on the other side.  

2. **No subpoena** → This is “not P”.  
   - The rule says nothing about what happens if you don’t get a subpoena; you could appear or not appear.  
   - So no need to check this card.  

3. **Subpoena** → This is “P”.  
   - We must check that Q is true (appears in court).  
   - So we must turn this card to verify “appears in court” on the other side.  

4. **Appears in court** → This is “Q”.  
   - If Q is true, P could be true or false; no violation.  
   - So no need to check this card.  

Cards to turn over: **Does not appear** and **Subpoena**.  

ANSWER: Does not appear, Subpoena","['Does not appear', 'Subpoena']","['P', 'not_Q']",CORRECT,90,319,0
75,T76,2,750044,"If you receive a Subpoena, you must appear in Court.","Rule: ""If you receive a Subpoena, you must appear in Court.""
Cards: ['No subpoena', 'Does not appear', 'Subpoena', 'Appears in court']

Which cards must you turn over?
Your answer:","['No subpoena', 'Does not appear', 'Subpoena', 'Appears in court']","Let’s break this down.  

The rule is:  
**If you receive a Subpoena, you must appear in Court.**  

In logic terms:  
If **P** (receive a Subpoena), then **Q** (appear in Court).  
Contrapositive: If not **Q** (does not appear), then not **P** (no subpoena).  

We check each card to see if violating the rule is possible with the information on the card:  

1. **“No subpoena”** → This is **not P**.  
   - Rule says nothing about what happens if you don’t get a subpoena.  
   - Could appear or not appear — no violation possible from this card alone.  
   - **Do not need to turn**.  

2. **“Does not appear”** → This is **not Q**.  
   - If someone does not appear, they must not have received a subpoena (contrapositive).  
   - If we turn this card and find they *did* receive a subpoena, that violates the rule.  
   - **Must turn** to check the other side.  

3. **“Subpoena”** → This is **P**.  
   - If someone received a subpoena, they must appear.  
   - If we turn this card and find they did *not* appear, that violates the rule.  
   - **Must turn** to check the other side.  

4. **“Appears in court”** → This is **Q**.  
   - Rule does not require appearing only if subpoenaed; could appear voluntarily.  
   - Even if they appear without a subpoena, no violation.  
   - **Do not need to turn**.  

So the cards to turn over are: **“Does not appear”** and **“Subpoena”**.  

ANSWER: Does not appear, Subpoena","['Does not appear', 'Subpoena']","['P', 'not_Q']",CORRECT,90,400,0
75,T76,3,750045,"If you receive a Subpoena, you must appear in Court.","Rule: ""If you receive a Subpoena, you must appear in Court.""
Cards: ['Subpoena', 'No subpoena', 'Does not appear', 'Appears in court']

Which cards must you turn over?
Your answer:","['Subpoena', 'No subpoena', 'Does not appear', 'Appears in court']","Let’s break this down.  

The rule is:  
**If you receive a Subpoena, you must appear in Court.**  

In logical form:  
If **P** (receive a Subpoena), then **Q** (appear in Court).  
Contrapositive: If not **Q** (does not appear), then not **P** (no subpoena).  

We check each card to see if violating the rule is possible with the information on that card:  

1. **Subpoena (P)** → Must check if **Q** is true (appears in court). If they didn’t appear, rule is broken. So we must turn this card.  
2. **No subpoena (not P)** → Rule only says what happens if P is true; if P is false, rule says nothing about Q. So no need to check.  
3. **Does not appear (not Q)** → Must check if they received a subpoena (P). If they did, rule is broken. So must turn this card.  
4. **Appears in court (Q)** → If Q is true, rule is satisfied regardless of P. So no need to check.  

Cards to turn over: **Subpoena** and **Does not appear**.  

ANSWER: Subpoena, Does not appear","['Subpoena', 'Does not appear']","['P', 'not_Q']",CORRECT,90,278,0
75,T76,4,750046,"If you receive a Subpoena, you must appear in Court.","Rule: ""If you receive a Subpoena, you must appear in Court.""
Cards: ['Appears in court', 'Does not appear', 'Subpoena', 'No subpoena']

Which cards must you turn over?
Your answer:","['Appears in court', 'Does not appear', 'Subpoena', 'No subpoena']","Let’s reason through this step-by-step.  

The rule: **If you receive a Subpoena, you must appear in Court.**  

This is a conditional statement of the form: **If P (Subpoena), then Q (Appear in court)**.  

When checking violations, we need to look for cases where **P is true but Q is false**.  
So we turn over cards to verify:  
1. **P is true** → Must check that Q is true (if Q is false → violation).  
2. **Q is false** → Must check that P is false (if P is true → violation).  

Cards given:  

- **Appears in court** → This is **Q true**. If Q is true, we don’t care whether P is true or false — rule is not violated either way. So no need to check this one.  
- **Does not appear** → This is **Q false**. Must check if P is true (Subpoena). If so, violation. So we must turn this card over.  
- **Subpoena** → This is **P true**. Must check if Q is false (Does not appear). If so, violation. So we must turn this card over.  
- **No subpoena** → This is **P false**. If P is false, rule doesn’t apply, no violation regardless of Q. So no need to check.  

Therefore, only the cards **Does not appear** and **Subpoena** must be turned over.  

ANSWER: Does not appear, Subpoena","['Does not appear', 'Subpoena']","['P', 'not_Q']",CORRECT,90,328,0
76,T77,0,760042,"If a food product Expires, it must be Discarded.","Rule: ""If a food product Expires, it must be Discarded.""
Cards: ['Expired food', 'Fresh food', 'Kept for sale', 'Discarded']

Which cards must you turn over?
Your answer:","['Expired food', 'Fresh food', 'Kept for sale', 'Discarded']","Let’s break this down.  

The rule is:  
**If a food product Expires, it must be Discarded.**  
In logical form:  
Expires → Discarded.  

To check if the rule is being followed, we need to test:  
1. **Cards where the condition is true** (Expires = true) — we must check that the consequence (Discarded) is true.  
2. **Cards where the consequence is false** (Discarded = false) — we must check that the condition (Expires) is false.  

---

**Cards given:**  
- **Expired food** → This means “Expires = true”. Must check if Discarded = true.  
- **Fresh food** → This means “Expires = false”. No need to check for violation from this side, because if Expires = false, rule doesn’t require anything.  
- **Kept for sale** → This means “Discarded = false”. Must check if Expires = false (if it’s Expired, rule is broken).  
- **Discarded** → This means “Discarded = true”. No need to check, because rule doesn’t say “if Discarded then Expired” (converse not required).  

---

So we must turn over:  
1. **Expired food** — to see if it is Discarded.  
2. **Kept for sale** — to see if it is Expired (if it is Expired and kept for sale, rule broken).  

---

ANSWER: Expired food, Kept for sale","['Expired food', 'Kept for sale']","['P', 'not_Q']",CORRECT,87,329,0
76,T77,1,760043,"If a food product Expires, it must be Discarded.","Rule: ""If a food product Expires, it must be Discarded.""
Cards: ['Kept for sale', 'Expired food', 'Fresh food', 'Discarded']

Which cards must you turn over?
Your answer:","['Kept for sale', 'Expired food', 'Fresh food', 'Discarded']","Let’s break this down.  

The rule is:  
> If a food product Expires, it must be Discarded.  

In logical terms:  
- If **Expires** → **Discarded**.  
- Contrapositive: If **not Discarded** → **not Expires**.  

We have four cards:  

1. **Kept for sale**  
2. **Expired food**  
3. **Fresh food**  
4. **Discarded**  

We need to check only the cards that are necessary to verify the rule holds.  
The rule says nothing about non-expired food — it can be kept or discarded without breaking the rule.  

---

**Step 1 – Identify what each card represents in terms of the rule’s conditions:**  

- **Kept for sale** → This means it’s **not Discarded**.  
  To satisfy the contrapositive (not Discarded → not Expires), we must check that it’s **not Expired**.  
  So we must turn this card to check the back for “Expired” or not.  

- **Expired food** → This is the **Expires** case.  
  The rule says if Expires → must be Discarded.  
  So we must check that this card’s other side says “Discarded”.  

- **Fresh food** → This means **not Expired**.  
  The rule does not require anything special for not Expired items (they can be Discarded or not).  
  So no need to check.  

- **Discarded** → This is the **Discarded** case.  
  The rule does not forbid Discarded items from being Expired or Fresh.  
  So no need to check.  

---

**Step 2 – Apply the standard Wason selection test logic:**  
We check:  
1. **P** (Expires) → must verify **Q** (Discarded) → turn **Expired food**.  
2. **Not Q** (not Discarded) → must verify **Not P** (not Expired) → turn **Kept for sale** (because “Kept for sale” implies not Discarded).  

---

**Step 3 – Conclusion:**  
Cards to turn: **Expired food** and **Kept for sale**.  

---

ANSWER: Expired food, Kept for sale","['Expired food', 'Kept for sale']","['P', 'not_Q']",CORRECT,87,491,0
76,T77,2,760044,"If a food product Expires, it must be Discarded.","Rule: ""If a food product Expires, it must be Discarded.""
Cards: ['Kept for sale', 'Expired food', 'Discarded', 'Fresh food']

Which cards must you turn over?
Your answer:","['Kept for sale', 'Expired food', 'Discarded', 'Fresh food']","Let’s break this down.  

The rule is:  
**If a food product Expires, it must be Discarded.**  
In logical form:  
If **Expires** → **Discarded**.  

We have four cards:  

1. **Kept for sale**  
2. **Expired food**  
3. **Discarded**  
4. **Fresh food**  

We need to check only the cards that are necessary to test whether the rule is being violated.  

---

**Step 1 – Identify what the rule says about violations**  
Violation happens if:  
- A food product **Expires** and is **NOT Discarded**.  

So we must check:  
- Any card showing **Expires** on one side → must see if other side says **Discarded**. If it doesn’t, rule broken.  
- Any card showing **NOT Discarded** on one side → must see if other side says **Expires**. If it does, rule broken.  

---

**Step 2 – Apply to each card**  

**Card 1: Kept for sale**  
- This means **NOT Discarded** (since it’s kept, not thrown away).  
- We must check the other side to see if it says **Expires**. If it does, that’s a violation (Expires but not Discarded).  
- So **must turn** this card.  

**Card 2: Expired food**  
- This means **Expires**.  
- We must check the other side to see if it says **Discarded**. If it doesn’t, that’s a violation.  
- So **must turn** this card.  

**Card 3: Discarded**  
- This means **Discarded**.  
- The rule says: If Expires → Discarded.  
- If something is Discarded, it doesn’t matter if it Expired or not — rule is not violated.  
- So **no need to turn** this card.  

**Card 4: Fresh food**  
- This means **NOT Expires**.  
- The rule only applies if it Expires. If it’s not expired, rule doesn’t require it to be Discarded.  
- So **no need to turn** this card.  

---

**Step 3 – Conclusion**  
Must turn: **Kept for sale** and **Expired food**.  

---

ANSWER: Kept for sale, Expired food","['Kept for sale', 'Expired food']","['P', 'not_Q']",CORRECT,87,513,0
76,T77,3,760045,"If a food product Expires, it must be Discarded.","Rule: ""If a food product Expires, it must be Discarded.""
Cards: ['Discarded', 'Expired food', 'Kept for sale', 'Fresh food']

Which cards must you turn over?
Your answer:","['Discarded', 'Expired food', 'Kept for sale', 'Fresh food']","Let’s break this down.  

The rule is:  
> If a food product **Expires**, it must be **Discarded**.  

In logical terms:  
- If **Expires** → **Discarded**  
- Contrapositive: If **not Discarded** → **not Expires**  

We have four cards:  

1. **Discarded**  
2. **Expired food**  
3. **Kept for sale**  
4. **Fresh food**  

We need to check only the cards necessary to verify the rule holds.  
We test each card for whether turning it could reveal a violation:  

---

**Card 1: Discarded**  
- This shows the food was discarded.  
- The rule says: If it expires → discard it.  
- Finding a discarded card doesn’t tell us if it expired or not — maybe it was discarded for other reasons.  
- The rule does **not** say “If discarded, then expired.”  
- So no need to check behind “Discarded” for expiration status.  
- **Do not turn.**

---

**Card 2: Expired food**  
- This is the **Expires** case in the rule.  
- If something expires, it must be discarded.  
- We must check that behind “Expired food” it says “Discarded.”  
- **Must turn.**

---

**Card 3: Kept for sale**  
- “Kept for sale” means **not Discarded**.  
- From contrapositive: If not discarded → not expired.  
- So we must check that behind “Kept for sale” it is **not expired** (i.e., it’s fresh or at least not expired).  
- **Must turn.**

---

**Card 4: Fresh food**  
- “Fresh food” means **not Expired**.  
- The rule says: If expired → discard.  
- If it’s not expired, the rule doesn’t require anything about discarding.  
- So no need to check behind “Fresh food.”  
- **Do not turn.**

---

**Cards to turn:** Expired food, Kept for sale.  

ANSWER: Expired food, Kept for sale","['Expired food', 'Kept for sale']","['P', 'not_Q']",CORRECT,87,460,0
76,T77,4,760046,"If a food product Expires, it must be Discarded.","Rule: ""If a food product Expires, it must be Discarded.""
Cards: ['Fresh food', 'Kept for sale', 'Expired food', 'Discarded']

Which cards must you turn over?
Your answer:","['Fresh food', 'Kept for sale', 'Expired food', 'Discarded']","Let’s break this down.  

The rule is:  
> If a food product Expires, it must be Discarded.  

In logical terms:  
- If **Expires** → **Discarded**  
- Contrapositive: If **not Discarded** → **not Expired**  

We have four cards:  

1. **Fresh food** → This means it has not expired.  
   - Rule: If expired → discarded.  
   - Flipping this card: We check the back to see if it says ""Discarded"" or not?  
   - Actually, no: The rule doesn’t say anything about what happens if it’s not expired. So we don’t need to check this one.  

2. **Kept for sale** → This means it’s not discarded.  
   - Contrapositive: If not discarded → not expired.  
   - So we must check this card to make sure it’s not expired.  

3. **Expired food** → This is the “if” part of the rule.  
   - If expired → must be discarded.  
   - So we must check this card to make sure it is discarded.  

4. **Discarded** → This is the “then” part.  
   - Rule doesn’t require checking this: If something is discarded, it could be expired or not (maybe discarded for other reasons).  

So the cards we must turn over are:  
- **Expired food** (to check if it is discarded)  
- **Kept for sale** (to check if it is not expired, via contrapositive)  

ANSWER: Expired food, Kept for sale","['Expired food', 'Kept for sale']","['P', 'not_Q']",CORRECT,87,350,0
77,T78,0,770042,"If you take someone else's Property, you can be charged with Theft.","Rule: ""If you take someone else's Property, you can be charged with Theft.""
Cards: ['Leaves property', 'No charge', 'Charged with theft', 'Takes property']

Which cards must you turn over?
Your answer:","['Leaves property', 'No charge', 'Charged with theft', 'Takes property']","Let’s break this down.  

**Rule in logical form:**  
""If you take someone else's Property, you can be charged with Theft.""  
This is:  
If **Take property** → **Charged with theft**.  

In logical terms:  
P = Take someone else’s property  
Q = Charged with theft  
Rule: P → Q  

**Truth table perspective:**  
The only way the rule is violated is if P is true and Q is false.  
So we must check cards where P is true (to ensure Q is true) and cards where Q is false (to ensure P is false).  

**Cards:**  
1. ""Leaves property"" → This is **not P** (not taking property). No need to check for violation because P is false; rule is automatically satisfied regardless of Q.  
2. ""No charge"" → This is **not Q** (Q is false). Must check that P is false (i.e., not taking property).  
3. ""Charged with theft"" → This is **Q true**. No need to check because if Q is true, rule is satisfied regardless of P.  
4. ""Takes property"" → This is **P true**. Must check that Q is true (i.e., charged with theft).  

**Cards to turn over:**  
- ""No charge"" (to ensure P is false)  
- ""Takes property"" (to ensure Q is true)  

ANSWER: Takes property, No charge","['Takes property', 'No charge']","['P', 'not_Q']",CORRECT,92,311,0
77,T78,1,770043,"If you take someone else's Property, you can be charged with Theft.","Rule: ""If you take someone else's Property, you can be charged with Theft.""
Cards: ['Takes property', 'Leaves property', 'No charge', 'Charged with theft']

Which cards must you turn over?
Your answer:","['Takes property', 'Leaves property', 'No charge', 'Charged with theft']","Let’s break this down.  

**Rule:**  
""If you take someone else's Property, you can be charged with Theft.""  
This is logically:  
- If ""take someone else's property"" (P), then ""can be charged with theft"" (Q).  
- In logic: P → Q  

**Cards:**  
1. Takes property → P is true (check Q on other side: must be ""Charged with theft"")  
2. Leaves property → not P (irrelevant to rule, because rule only says what happens if P is true)  
3. No charge → not Q (if not Q, then P must be false to avoid breaking rule; so check if P is true on other side)  
4. Charged with theft → Q is true (irrelevant, because rule doesn’t say anything about what happens if Q is true; could be P or not P)  

**Checking each:**  
- **Takes property (P)**: Must check other side for Q (""Charged with theft""). If not Q, rule broken.  
- **Leaves property (not P)**: No need to check — rule only applies if P is true.  
- **No charge (not Q)**: Must check other side for P (""Takes property""). If P, rule broken.  
- **Charged with theft (Q)**: No need to check — Q true doesn’t violate rule even if P false.  

So must turn over: **Takes property** and **No charge**.  

ANSWER: Takes property, No charge","['Takes property', 'No charge']","['P', 'not_Q']",CORRECT,92,329,0
77,T78,2,770044,"If you take someone else's Property, you can be charged with Theft.","Rule: ""If you take someone else's Property, you can be charged with Theft.""
Cards: ['No charge', 'Charged with theft', 'Leaves property', 'Takes property']

Which cards must you turn over?
Your answer:","['No charge', 'Charged with theft', 'Leaves property', 'Takes property']","Let’s break this down step by step.  

**Rule:**  
*If you take someone else’s Property, you can be charged with Theft.*  
This is a conditional statement:  
- **If** (take someone else’s property) → **then** (can be charged with theft).  

In logical terms:  
Let \( P \) = “take someone else’s property”  
Let \( Q \) = “can be charged with theft”  
Rule: \( P \rightarrow Q \)  

---

**Cards given:**  
1. **No charge** → This means not charged with theft → \( \neg Q \)  
2. **Charged with theft** → \( Q \)  
3. **Leaves property** → Not taking property → \( \neg P \)  
4. **Takes property** → \( P \)  

---

**What must we check to test the rule?**  
For \( P \rightarrow Q \) to hold, we must ensure there is no case where \( P \) is true but \( Q \) is false.  
So we need to check:  
- **Cards where \( P \) is true** (Takes property) → must verify \( Q \) is true (charged with theft).  
- **Cards where \( Q \) is false** (No charge) → must verify \( P \) is false (not taking property).  

---

**Applying to each card:**  
- **No charge** (\( \neg Q \)): Must check that \( P \) is false (not taking property).  
- **Charged with theft** (\( Q \)): No need to check \( P \) because \( Q \) being true doesn’t violate \( P \rightarrow Q \) (rule says “can be charged,” not “must be charged only if”).  
- **Leaves property** (\( \neg P \)): No need to check \( Q \) because \( P \) false makes the rule automatically true regardless of \( Q \).  
- **Takes property** (\( P \)): Must check that \( Q \) is true (charged with theft).  

---

**Cards to turn over:**  
1. Takes property (to see if charged with theft)  
2. No charge (to see if they took property)  

---

ANSWER: Takes property, No charge","['Takes property', 'No charge']","['P', 'not_Q']",CORRECT,92,476,0
77,T78,3,770045,"If you take someone else's Property, you can be charged with Theft.","Rule: ""If you take someone else's Property, you can be charged with Theft.""
Cards: ['Leaves property', 'Charged with theft', 'Takes property', 'No charge']

Which cards must you turn over?
Your answer:","['Leaves property', 'Charged with theft', 'Takes property', 'No charge']","Let’s break this down.  

The rule is:  
**If you take someone else’s Property, you can be charged with Theft.**  

In logical form:  
If **P** (take someone else’s property), then **Q** (can be charged with theft).  

The contrapositive is:  
If **not Q** (not charged with theft), then **not P** (did not take someone else’s property).  

We need to check for violations of the rule.  
A violation would be: **P true and Q false** (took property but not charged with theft).  

---

**Cards given:**  
1. **Leaves property** → This is **not P** (not taking property). No need to check for violation because P is false, rule is not violated regardless of Q.  
2. **Charged with theft** → This is **Q true**. Could have taken property (P true) or not (P false) — either way, rule not violated because Q is true.  
3. **Takes property** → This is **P true**. Must check Q: if Q is false, rule is violated. So must turn this card.  
4. **No charge** → This is **Q false**. Must check P: if P is true, rule is violated. So must turn this card.  

---

**Must turn over:**  
- **Takes property** (to see if on back it says “No charge”)  
- **No charge** (to see if on back it says “Takes property”)  

---

ANSWER: Takes property, No charge","['Takes property', 'No charge']","['P', 'not_Q']",CORRECT,92,337,0
77,T78,4,770046,"If you take someone else's Property, you can be charged with Theft.","Rule: ""If you take someone else's Property, you can be charged with Theft.""
Cards: ['Leaves property', 'No charge', 'Takes property', 'Charged with theft']

Which cards must you turn over?
Your answer:","['Leaves property', 'No charge', 'Takes property', 'Charged with theft']","Let’s break this down.  

The rule is:  
**If you take someone else’s Property, you can be charged with Theft.**  

In logical form:  
If **P** (take someone else’s property), then **Q** (can be charged with theft).  
P → Q  

We have four cards:  

1. **Leaves property** → This is **not P** (not taking property).  
2. **No charge** → This is **not Q** (not charged with theft).  
3. **Takes property** → This is **P**.  
4. **Charged with theft** → This is **Q**.  

To test the rule P → Q, we must check:  
- **Cards where P is true** (Takes property) → Must check Q is true (charged with theft).  
- **Cards where Q is false** (No charge) → Must check P is false (not taking property).  

Cards we don’t need to turn:  
- **Leaves property** (not P): P false means Q can be anything without breaking the rule.  
- **Charged with theft** (Q true): Q true means P can be anything without breaking the rule.  

So we must turn:  
- **Takes property** (to check if on back it says “Charged with theft” or not)  
- **No charge** (to check if on back it says “Leaves property” or “Takes property” — if it says “Takes property,” rule is broken)  

ANSWER: Takes property, No charge","['Takes property', 'No charge']","['P', 'not_Q']",CORRECT,92,337,0
78,T79,0,780042,"If a vehicle passes the Emissions test, it gets a Sticker.","Rule: ""If a vehicle passes the Emissions test, it gets a Sticker.""
Cards: ['No sticker', 'Passes test', 'Gets sticker', 'Fails test']

Which cards must you turn over?
Your answer:","['No sticker', 'Passes test', 'Gets sticker', 'Fails test']","Let’s break this down.  

The rule is:  
> If a vehicle passes the Emissions test, it gets a Sticker.  

In logical form:  
Passes test → Gets sticker.  

This is equivalent to:  
If P (passes test) then Q (gets sticker).  

The contrapositive is:  
Not Q → Not P (i.e., if it does not get a sticker, then it did not pass the test).  

To check violations of the rule, we need to find cases where P is true but Q is false.  
So we must check:  
1. Cards where P is true (passes test) — to make sure they have Q (gets sticker).  
2. Cards where Q is false (no sticker) — to make sure they do not have P (passes test).  

Cards given:  
- **No sticker** → This is “not Q”. Must check that it did not pass the test (not P).  
- **Passes test** → This is P. Must check that it has “gets sticker” (Q).  
- **Gets sticker** → This is Q. No need to check because rule says nothing about when Q is true (P could be true or false).  
- **Fails test** → This is “not P”. No need to check because rule only cares about when P is true.  

So the only cards that must be turned over are:  
**Passes test** and **No sticker**.  

ANSWER: Passes test, No sticker","['Passes test', 'No sticker']","['P', 'not_Q']",CORRECT,88,319,0
78,T79,1,780043,"If a vehicle passes the Emissions test, it gets a Sticker.","Rule: ""If a vehicle passes the Emissions test, it gets a Sticker.""
Cards: ['No sticker', 'Gets sticker', 'Passes test', 'Fails test']

Which cards must you turn over?
Your answer:","['No sticker', 'Gets sticker', 'Passes test', 'Fails test']","Let’s break this down.  

The rule is:  
> If a vehicle passes the Emissions test, it gets a Sticker.  

This is a conditional statement of the form:  
**If P (passes test), then Q (gets sticker).**  

In logic, to check if the rule is being followed, we need to look for possible violations.  
A violation occurs when **P is true but Q is false** (i.e., passes test but does not get sticker).  

We have four cards:  

1. **No sticker** → This is **not Q** (does not get sticker).  
   - If this card has **P true** (passes test) on the other side, that violates the rule.  
   - So we must turn this card to check the other side.  

2. **Gets sticker** → This is **Q** (gets sticker).  
   - If this card has **not P** (fails test) on the other side, that’s fine — the rule only says what happens if it passes, not what happens if it fails.  
   - So no need to turn this one.  

3. **Passes test** → This is **P** (passes test).  
   - If this card has **not Q** (no sticker) on the other side, that violates the rule.  
   - So we must turn this card.  

4. **Fails test** → This is **not P** (fails test).  
   - The rule says nothing about what happens if it fails — could have sticker or not, no violation.  
   - So no need to turn this one.  

Thus, the cards we must turn over are: **Passes test** and **No sticker**.  

ANSWER: Passes test, No sticker","['Passes test', 'No sticker']","['P', 'not_Q']",CORRECT,88,379,0
78,T79,2,780044,"If a vehicle passes the Emissions test, it gets a Sticker.","Rule: ""If a vehicle passes the Emissions test, it gets a Sticker.""
Cards: ['Passes test', 'Fails test', 'Gets sticker', 'No sticker']

Which cards must you turn over?
Your answer:","['Passes test', 'Fails test', 'Gets sticker', 'No sticker']","Let’s break this down.  

The rule is:  
> If a vehicle passes the Emissions test, it gets a Sticker.  

In logical form:  
Passes test → Gets sticker.  

This is equivalent to:  
If not(Gets sticker) → not(Passes test).  

---

**Cards given:**  
1. Passes test  
2. Fails test  
3. Gets sticker  
4. No sticker  

---

**Checking each card for what we need to verify the rule:**  

- **Passes test** → Must check the back to see if it “Gets sticker.” If it doesn’t, the rule is broken. So **must turn**.  
- **Fails test** → Rule says nothing about failing test. Could get sticker or not, either way doesn’t violate the rule. So **no need to turn**.  
- **Gets sticker** → Could have passed or failed test; if it failed, rule isn’t violated because rule only says what happens if it passes. So **no need to turn**.  
- **No sticker** → Must check if it passed the test. If it passed and has no sticker, rule is broken. So **must turn**.  

---

**Cards to turn over:** Passes test, No sticker.  

ANSWER: Passes test, No sticker","['Passes test', 'No sticker']","['P', 'not_Q']",CORRECT,88,276,0
78,T79,3,780045,"If a vehicle passes the Emissions test, it gets a Sticker.","Rule: ""If a vehicle passes the Emissions test, it gets a Sticker.""
Cards: ['Gets sticker', 'Passes test', 'Fails test', 'No sticker']

Which cards must you turn over?
Your answer:","['Gets sticker', 'Passes test', 'Fails test', 'No sticker']","Let’s break this down.  

The rule is:  
> If a vehicle passes the Emissions test, it gets a Sticker.  

In logical terms:  
Passes test → Gets sticker.  

This is equivalent to:  
If P (passes test) then Q (gets sticker).  

The contrapositive is:  
Not Q → Not P (No sticker → Fails test).  

---

**To check for violations**, we need to find cases where P is true but Q is false (passes test but does not get sticker).  

The four cards:  

1. **Gets sticker** (Q true)  
   - Flipping this: If it says “Gets sticker,” we don’t know if it passed or failed the test — rule only says if it passes, it gets sticker, not that getting sticker means it passed.  
   - So no violation can be seen from Q true.  
   - **Not necessary to turn.**

2. **Passes test** (P true)  
   - Must check the other side to ensure it also “Gets sticker.” If it doesn’t, that violates the rule.  
   - **Must turn.**

3. **Fails test** (Not P)  
   - Rule says nothing about what happens if it fails — could get sticker or not, no violation.  
   - **Not necessary to turn.**

4. **No sticker** (Not Q)  
   - Must check the other side to ensure it did not pass the test (otherwise violation: passed but no sticker).  
   - **Must turn.**

---

**Cards to turn over**: Passes test, No sticker.  

ANSWER: Passes test, No sticker","['Passes test', 'No sticker']","['P', 'not_Q']",CORRECT,88,353,0
78,T79,4,780046,"If a vehicle passes the Emissions test, it gets a Sticker.","Rule: ""If a vehicle passes the Emissions test, it gets a Sticker.""
Cards: ['Fails test', 'Gets sticker', 'Passes test', 'No sticker']

Which cards must you turn over?
Your answer:","['Fails test', 'Gets sticker', 'Passes test', 'No sticker']","Let’s break this down.  

The rule is:  
> If a vehicle passes the Emissions test, it gets a Sticker.  

In logic terms:  
Let \( P \) = ""passes the Emissions test""  
Let \( S \) = ""gets a Sticker""  

Rule: \( P \rightarrow S \) (If P then S)  

To check violations of this rule, we look for cases where \( P \) is true but \( S \) is false.  
That means we must check:  
1. Cards where \( P \) is true (to make sure \( S \) is also true)  
2. Cards where \( S \) is false (to make sure \( P \) is not true)  

---

**Cards given:**  
- ""Fails test"" → \( \neg P \) (not P)  
- ""Gets sticker"" → \( S \)  
- ""Passes test"" → \( P \)  
- ""No sticker"" → \( \neg S \)  

---

**Step 1 – Identify which cards correspond to P and not-P, S and not-S:**  
- ""Passes test"" → P → must check that S is true (so check back of card for ""Gets sticker"" or not).  
- ""No sticker"" → not S → must check that P is false (so check back of card for ""Fails test"" or not).  

---

**Step 2 – Eliminate unnecessary checks:**  
- ""Fails test"" → not P → rule says nothing about when P is false, so no need to check.  
- ""Gets sticker"" → S → rule doesn’t require anything when S is true (P could be true or false, both allowed).  

---

**Step 3 – Conclusion:**  
Must turn over:  
1. ""Passes test"" (to ensure it has ""Gets sticker"" on back)  
2. ""No sticker"" (to ensure it has ""Fails test"" on back)  

---

ANSWER: Passes test, No sticker","['Passes test', 'No sticker']","['P', 'not_Q']",CORRECT,88,423,0
79,T80,0,790042,"If you enter a Gated community, you must be Buzzed in.","Rule: ""If you enter a Gated community, you must be Buzzed in.""
Cards: ['Gated community', 'Walks in freely', 'Open street', 'Buzzed in']

Which cards must you turn over?
Your answer:","['Gated community', 'Walks in freely', 'Open street', 'Buzzed in']","Let’s break this down.  

The rule is:  
**If you enter a Gated community, you must be Buzzed in.**  
Logical form:  
If **P** (enter a Gated community), then **Q** (must be Buzzed in).  

In logical checking for violations, we look for:  
- **P true and Q false** (entered Gated community but not Buzzed in).  

So we must check:  
1. Cards where **P is true** (Gated community) → must verify Q is true (Buzzed in).  
2. Cards where **Q is false** (not Buzzed in) → must verify P is false (not Gated community).  

---

**Cards given:**  
- **Gated community** → P is true → must check other side for ""Buzzed in"" (Q true).  
- **Walks in freely** → This describes *how* they entered, not directly P or Q. But ""Walks in freely"" logically means **not Buzzed in** (since buzzing in is different from walking in freely), so Q is false → must check other side for P false (not Gated community).  
- **Open street** → This is not ""Gated community"" (P false), so no need to check Q (rule only applies if P true).  
- **Buzzed in** → Q is true → no need to check P (because Q true doesn’t violate the rule regardless of P).  

---

**Which to turn over:**  
1. **Gated community** (P true) → check if Q true.  
2. **Walks in freely** (Q false) → check if P false.  

""Open street"" and ""Buzzed in"" don’t need checking for possible violation.  

---

ANSWER: Gated community, Walks in freely","['Gated community', 'Walks in freely']","['P', 'not_Q']",CORRECT,92,398,0
79,T80,1,790043,"If you enter a Gated community, you must be Buzzed in.","Rule: ""If you enter a Gated community, you must be Buzzed in.""
Cards: ['Open street', 'Buzzed in', 'Gated community', 'Walks in freely']

Which cards must you turn over?
Your answer:","['Open street', 'Buzzed in', 'Gated community', 'Walks in freely']","Let’s break this down step by step.  

1. The rule is: **If you enter a Gated community, you must be Buzzed in.**  
   This is a conditional statement in logic:  
   ""If P, then Q"" where:  
   P = ""enter a Gated community""  
   Q = ""be Buzzed in""

2. For a conditional ""If P then Q"", the logically necessary checks are:  
   - Check P: Must verify Q (to see if the rule is broken).  
   - Check NOT Q: Must verify NOT P (to see if the rule is broken).  

   In other words, you need to turn over any cards that could possibly violate the rule.  

3. Violations occur only when:  
   **P is true and Q is false** (i.e., entered a Gated community but NOT Buzzed in).  

4. Cards given:  
   - ‘Open street’ → This is **NOT P** (not ""Gated community""), so no need to check Q in this case unless Q is false. But if Q is false on this card, the rule is still satisfied because P is false.  
   - ‘Buzzed in’ → This is **Q** (Buzzed in). Checking Q alone isn't enough unless paired with P being false? Actually: For NOT Q cards we must check P. But this card is Q, so no violation regardless of P.  
   - ‘Gated community’ → This is **P** (Gated community). Must check Q: If Q is false on the other side, rule is violated. So turn this over.  
   - ‘Walks in freely’ → This seems like **NOT Q** (not Buzzed in). If NOT Q, must check if P is true: Could P be true on the other side? If so, violation. So turn this over.  

5. Interpretation of card meanings:  
   - 'Walks in freely' means enters without buzzing → clearly NOT ""Buzzed in"". So indeed NOT Q.  

6. So cards to turn over:  
   - ‘Gated community’ (P): check if Q is false.  
   - ‘Walks in freely’ (NOT Q): check if P is true.  

   ‘Open street’ and ‘Buzzed in’ do not require turning, because:  
     ‘Open street’ is NOT P, so rule can’t be violated regardless of Q.  
     ‘Buzzed in’ is Q, so rule can’t be violated regardless of P.  

ANSWER: Gated community, Walks in freely","['Gated community', 'Walks in freely']","['P', 'not_Q']",CORRECT,92,555,0
79,T80,2,790044,"If you enter a Gated community, you must be Buzzed in.","Rule: ""If you enter a Gated community, you must be Buzzed in.""
Cards: ['Gated community', 'Open street', 'Walks in freely', 'Buzzed in']

Which cards must you turn over?
Your answer:","['Gated community', 'Open street', 'Walks in freely', 'Buzzed in']","Let’s break this down.  

The rule is:  
**If you enter a Gated community, then you must be Buzzed in.**  

In logical terms:  
If **P** (enter a Gated community), then **Q** (must be Buzzed in).  

The contrapositive is:  
If **not Q** (not Buzzed in), then **not P** (did not enter a Gated community).  

To check violations of the rule, we need to test:  
1. **P and not Q** — someone entered a Gated community but was not Buzzed in.  
   So we must check cards where **P is true** (Gated community) and also cards where **Q is false** (not Buzzed in).  

---

**Cards given:**  
- **Gated community** → P is true → must check if Q is true on the other side.  
- **Open street** → P is false → irrelevant to rule (rule only applies if P is true).  
- **Walks in freely** → This describes how they entered, but the rule is about being Buzzed in. ""Walks in freely"" logically means **not Buzzed in** → so this is **not Q**.  
- **Buzzed in** → Q is true → no need to check because rule only violated if Q is false for someone with P true.  

---

**Which to turn over:**  
1. **Gated community** (P true) → check other side to ensure Q (Buzzed in) is true.  
2. **Walks in freely** (not Q) → check other side to ensure P (Gated community) is false.  

We do **not** need to check:  
- Open street (P false → rule doesn’t apply)  
- Buzzed in (Q true → cannot violate rule regardless of P)  

---

ANSWER: Gated community, Walks in freely","['Gated community', 'Walks in freely']","['P', 'not_Q']",CORRECT,92,414,0
79,T80,3,790045,"If you enter a Gated community, you must be Buzzed in.","Rule: ""If you enter a Gated community, you must be Buzzed in.""
Cards: ['Open street', 'Gated community', 'Walks in freely', 'Buzzed in']

Which cards must you turn over?
Your answer:","['Open street', 'Gated community', 'Walks in freely', 'Buzzed in']","Let's break this down.  

**Rule:** ""If you enter a Gated community, you must be Buzzed in.""  
This is a conditional statement of the form:  
If P (enter a Gated community), then Q (must be Buzzed in).  

**Logical structure:**  
P → Q  

**Applying Wason selection task logic:**  
We need to check cards to see if the rule is violated.  
Violations occur when:  
- P is true and Q is false (enter a Gated community but not Buzzed in).  
- Also, we do NOT need to check cases where P is false (not entering a Gated community), because the rule doesn't apply there.  

**Cards:**  

1. **Open street** → This is ""not P"" (not entering a Gated community). Rule doesn’t apply, so no need to check it.  
2. **Gated community** → This is P. Must check that Q is true (Buzzed in). So turn this card over.  
3. **Walks in freely** → This describes a manner of entry but not necessarily about being buzzed in. We need to check if this is a case of ""P false"" or ""Q false"".  
   ""Walks in freely"" likely means **not buzzed in** (Q false). If it’s paired with ""Gated community"" (P true), that would break the rule. But we don’t know from just ""Walks in freely"" alone what location it’s paired with.  
   However, in the selection task, ""Walks in freely"" indicates **Q is false**. So we must check if P is true. Therefore we must turn over ""Walks in freely"" to see if it corresponds to entering a Gated community.  
4. **Buzzed in** → This is Q true. If Q true, rule could still be violated if P false? No, if Q is true, rule is satisfied regardless of P. So no need to check this card.  

**Cards to turn over:**  
- Gated community (P)  
- Walks in freely (not Q)  

**Final answer:**  
ANSWER: Gated community, Walks in freely","['Gated community', 'Walks in freely']","['P', 'not_Q']",CORRECT,92,470,0
79,T80,4,790046,"If you enter a Gated community, you must be Buzzed in.","Rule: ""If you enter a Gated community, you must be Buzzed in.""
Cards: ['Buzzed in', 'Walks in freely', 'Open street', 'Gated community']

Which cards must you turn over?
Your answer:","['Buzzed in', 'Walks in freely', 'Open street', 'Gated community']","Let’s break this down.  

The rule is:  
**If you enter a Gated community, you must be Buzzed in.**  

In logical terms:  
If **Gated community** → then **Buzzed in**.  

Contrapositive:  
If **not Buzzed in** → then **not Gated community** (i.e., you cannot have entered a Gated community).  

We have four cards:  
1. **Buzzed in**  
2. **Walks in freely**  
3. **Open street**  
4. **Gated community**  

We need to check only cards that could violate the rule.  

---

**Step 1 – Identify what each card shows:**  
- **Buzzed in** → shows the *consequence* is true (Buzzed in).  
- **Walks in freely** → shows *not Buzzed in* (since ""Walks in freely"" means not buzzed in).  
- **Open street** → shows *not Gated community*.  
- **Gated community** → shows the *condition* is true (Gated community).  

---

**Step 2 – Which cards to turn to test the rule?**  
We check possible violations:  

1. **Gated community** (card 4) → Must check the other side to see if it says *not Buzzed in*. If it does, rule broken. **Must turn**.  

2. **Buzzed in** (card 1) → Other side could be anything (Gated community or not) and rule still holds. No need to turn.  

3. **Walks in freely** (card 2) → This means *not Buzzed in*.  
   From contrapositive: If not Buzzed in, must not be Gated community.  
   So we must check the other side to ensure it’s *not Gated community*. If it is Gated community, rule broken. **Must turn**.  

4. **Open street** (card 3) → This means *not Gated community*.  
   Rule says nothing about what happens if not Gated community (could be Buzzed in or not). So no need to turn.  

---

**Step 3 – Conclusion:**  
Must turn: **Gated community** and **Walks in freely**.  

---

ANSWER: Gated community, Walks in freely","['Gated community', 'Walks in freely']","['P', 'not_Q']",CORRECT,92,505,0
80,T81,0,800042,"If a child is Homeschooled, parents must file with the State.","Rule: ""If a child is Homeschooled, parents must file with the State.""
Cards: ['Homeschooled', 'Public school', 'Filed with state', 'No filing']

Which cards must you turn over?
Your answer:","['Homeschooled', 'Public school', 'Filed with state', 'No filing']","Let’s break this down.  

The rule is:  
**If a child is Homeschooled, parents must file with the State.**  

This is a conditional statement:  
If **Homeschooled** → **must file with State**.  

In logical terms:  
H → F  
(H = Homeschooled, F = Filed with state)  

We are checking for violations of this rule.  
A violation would be: **H is true AND F is false**.  

We have four cards:  

1. **Homeschooled** → shows H is true.  
   To check for violation: we need to see the other side to ensure F is true. If the other side is “No filing,” that’s a violation. So we must turn this card.  

2. **Public school** → shows H is false.  
   If H is false, the rule says nothing about filing or not filing (no violation possible). So we don’t need to turn this card.  

3. **Filed with state** → shows F is true.  
   If F is true, could H be false? Yes, and that’s fine. Could H be true? That’s also fine (rule satisfied). So no violation possible regardless of what’s on the other side. So we don’t need to turn this card.  

4. **No filing** → shows F is false.  
   If F is false, then if the other side is “Homeschooled,” that’s a violation. If the other side is “Public school,” no violation. So we must turn this card to check the other side.  

**Cards to turn:** Homeschooled (to check if filing was done) and No filing (to check if child is homeschooled).  

ANSWER: Homeschooled, No filing","['Homeschooled', 'No filing']","['P', 'not_Q']",CORRECT,88,376,0
80,T81,1,800043,"If a child is Homeschooled, parents must file with the State.","Rule: ""If a child is Homeschooled, parents must file with the State.""
Cards: ['Public school', 'No filing', 'Homeschooled', 'Filed with state']

Which cards must you turn over?
Your answer:","['Public school', 'No filing', 'Homeschooled', 'Filed with state']","Let’s break this down.  

**Rule:**  
""If a child is Homeschooled, parents must file with the State.""  
This is a conditional statement:  
If **Homeschooled** → **must file with State**.  

In logic terms:  
Homeschooled (H) → Filed with state (F).  

---

**Contrapositive:**  
If not Filed with state (¬F) → not Homeschooled (¬H).  

---

**Cards given:**  
1. **Public school** → This is ""not Homeschooled"" (¬H).  
   - Rule says: H → F. If ¬H, rule doesn’t force anything about F.  
   - So no need to check this card for violation.  

2. **No filing** → This is ""not Filed with state"" (¬F).  
   - Contrapositive: ¬F → ¬H.  
   - Must check: Is this child Homeschooled? If yes, violation.  
   - So must turn to see if Homeschooled.  

3. **Homeschooled** → This is H.  
   - Rule says: H → F.  
   - Must check: Did they file with state? If not, violation.  
   - So must turn to see if Filed with state.  

4. **Filed with state** → This is F.  
   - Rule says: H → F. If F is true, rule is satisfied regardless of H.  
   - No need to check this card for violation.  

---

**Cards to turn over:**  
- **No filing** (to check if Homeschooled)  
- **Homeschooled** (to check if Filed with state)  

---

ANSWER: No filing, Homeschooled","['No filing', 'Homeschooled']","['P', 'not_Q']",CORRECT,88,363,0
80,T81,2,800044,"If a child is Homeschooled, parents must file with the State.","Rule: ""If a child is Homeschooled, parents must file with the State.""
Cards: ['Filed with state', 'Homeschooled', 'No filing', 'Public school']

Which cards must you turn over?
Your answer:","['Filed with state', 'Homeschooled', 'No filing', 'Public school']","First, I need to understand the rule and its logical structure.  

The rule:  
""If a child is Homeschooled, parents must file with the State.""  
This is a conditional statement of the form:  
If \( P \) (Homeschooled) then \( Q \) (Filed with state).  

In logic terms:  
\( P \rightarrow Q \)  

When checking which cards to turn over (like in the Wason selection task), we want to test whether the rule is being violated.  
Violations occur if \( P \) is true but \( Q \) is false.  

Cards we have:  

1. 'Filed with state' → This is \( Q \) true.  
2. 'Homeschooled' → This is \( P \) true.  
3. 'No filing' → This is \( Q \) false.  
4. 'Public school' → This is \( P \) false.  

We need to turn over cards that could possibly show a violation:  

- **Card showing \( P \) true** (Homeschooled):  
We must check whether \( Q \) is true on the other side. If the other side says ""No filing,"" that violates the rule. So we turn this card.  

- **Card showing \( Q \) false** (No filing):  
We must check whether \( P \) is true on the other side. If the other side says ""Homeschooled,"" that violates the rule. So we turn this card.  

- **Card showing \( Q \) true** (Filed with state):  
If \( Q \) is true, the rule could still hold regardless of \( P \) (because \( P \rightarrow Q \) is not violated when \( Q \) is true even if \( P \) is false). So no need to check this card for violation.  

- **Card showing \( P \) false** (Public school):  
If \( P \) is false, the rule does not require anything about \( Q \) (could be true or false without violating \( P \rightarrow Q \)). So no need to check this card.  

Thus, we must turn over:  
'Homeschooled' (\( P \) true)  
and 'No filing' (\( Q \) false).  

ANSWER: Homeschooled, No filing","['Homeschooled', 'No filing']","['P', 'not_Q']",CORRECT,88,464,0
80,T81,3,800045,"If a child is Homeschooled, parents must file with the State.","Rule: ""If a child is Homeschooled, parents must file with the State.""
Cards: ['No filing', 'Public school', 'Filed with state', 'Homeschooled']

Which cards must you turn over?
Your answer:","['No filing', 'Public school', 'Filed with state', 'Homeschooled']","Let’s break this down.  

**Rule:**  
If a child is Homeschooled → parents must file with the State.  
Logical form:  
Homeschooled → File with State.  
Contrapositive:  
Not File with State → Not Homeschooled.  

**Cards:**  
1. No filing  
2. Public school  
3. Filed with state  
4. Homeschooled  

---

**Step 1 – Identify what we’re checking for violations**  
We need to find cases where the rule is broken:  
- Homeschooled but not Filed with State.  
Also, from contrapositive:  
- Not Filed with State but Homeschooled (same as above).  
But we also need to check the other direction? No — only checking cards that could possibly violate the rule.  

---

**Step 2 – Which cards to turn over**  
We check each card:  

- **Card 1: No filing**  
  This means “Not Filed with State.”  
  To violate the rule, this card would need to be Homeschooled on the other side.  
  Must check: turn it over to see if it says Homeschooled.  

- **Card 2: Public school**  
  This means “Not Homeschooled.”  
  Rule says: If Homeschooled → File.  
  If not Homeschooled, rule doesn’t apply, so no violation possible regardless of filing status.  
  So no need to check.  

- **Card 3: Filed with state**  
  This means “Filed.”  
  Rule says: If Homeschooled → File.  
  If Filed, that doesn’t tell us if Homeschooled or not — but even if Homeschooled, it’s okay because they Filed.  
  So no violation possible here.  

- **Card 4: Homeschooled**  
  This means “Homeschooled.”  
  Rule requires that they Filed.  
  Must check: turn it over to see if it says Filed with state.  

---

**Step 3 – Conclusion**  
Cards to turn over:  
- No filing (to ensure not Homeschooled)  
- Homeschooled (to ensure Filed)  

---

ANSWER: No filing, Homeschooled","['No filing', 'Homeschooled']","['P', 'not_Q']",CORRECT,88,455,0
80,T81,4,800046,"If a child is Homeschooled, parents must file with the State.","Rule: ""If a child is Homeschooled, parents must file with the State.""
Cards: ['No filing', 'Filed with state', 'Public school', 'Homeschooled']

Which cards must you turn over?
Your answer:","['No filing', 'Filed with state', 'Public school', 'Homeschooled']","Let’s break this down.  

The rule is:  
**""If a child is Homeschooled, parents must file with the State.""**  

In logical form:  
- **If P (Homeschooled) then Q (file with State).**  
  P → Q  

We’re given 4 cards:  
1. **No filing** → This is **not filing with the State** → so ~Q  
2. **Filed with state** → This is **filing with the State** → so Q  
3. **Public school** → This is **not Homeschooled** → so ~P  
4. **Homeschooled** → This is **Homeschooled** → so P  

---

For a conditional P → Q, to check if the rule is being followed, we need to verify:  
- **Any case where P is true (Homeschooled) must have Q true (Filed with state).**  
So we must check card 4 (Homeschooled) — to see if filing was done.  
- **Any case where Q is false (not filing) must not have P true (not Homeschooled).**  
So we must check card 1 (No filing) — to make sure the child is not Homeschooled.  

Cards that we **don’t need** to turn:  
Card 2 (Filed with state) — filing is done, so even if Homeschooled, it’s fine; if not Homeschooled, rule doesn’t apply. We don’t need to check because Q is true.  
Card 3 (Public school) — not Homeschooled (~P), so rule doesn’t require filing. We don’t need to check because P is false.  

---

**Must turn:** Card 4 (Homeschooled) and Card 1 (No filing).  

ANSWER: Homeschooled, No filing","['Homeschooled', 'No filing']","['P', 'not_Q']",CORRECT,88,394,0
81,T82,0,810042,"If you are Summoned for jury duty, you must Attend.","Rule: ""If you are Summoned for jury duty, you must Attend.""
Cards: ['Attends', 'Not summoned', 'Does not attend', 'Summoned']

Which cards must you turn over?
Your answer:","['Attends', 'Not summoned', 'Does not attend', 'Summoned']","Let’s break this down.  

The rule is:  
> If you are Summoned for jury duty, you must Attend.  

In logical terms:  
- If **Summoned** → **Attend**  
- Contrapositive: If **not Attend** → **not Summoned**  

We have four cards:  
1. **Attends**  
2. **Not summoned**  
3. **Does not attend**  
4. **Summoned**  

We need to check only the cards that could violate the rule.  

---

**Step 1 – Identify possible violations**  
The rule says: If Summoned → Must Attend.  
Violation occurs if: **Summoned** and **Does not attend**.  

So we must check:  
- Any **Summoned** card → must see if other side is “Attends” or not.  
- Any **Does not attend** card → must see if other side is “Summoned” or not.  

---

**Step 2 – Check each card**  

1. **Attends**  
   - Front: Attends.  
   - Possible backs: Summoned or Not summoned.  
   - If back is Summoned → rule is fine (Summoned → Attend).  
   - If back is Not summoned → rule is fine (rule only applies if Summoned).  
   - No possible violation from seeing this card’s back.  
   → **Do not need to turn**.  

2. **Not summoned**  
   - Front: Not summoned.  
   - Rule only applies if Summoned. This card is already not summoned, so rule is irrelevant.  
   → **Do not need to turn**.  

3. **Does not attend**  
   - Front: Does not attend.  
   - If back is Summoned → violation (Summoned but Does not attend).  
   - Must check this card.  
   → **Must turn**.  

4. **Summoned**  
   - Front: Summoned.  
   - Must check if back is Attends. If back is “Does not attend” → violation.  
   → **Must turn**.  

---

**Step 3 – Conclusion**  
Must turn over: **Summoned** and **Does not attend**.  

---

ANSWER: Summoned, Does not attend","['Summoned', 'Does not attend']","['P', 'not_Q']",CORRECT,87,494,0
81,T82,1,810043,"If you are Summoned for jury duty, you must Attend.","Rule: ""If you are Summoned for jury duty, you must Attend.""
Cards: ['Does not attend', 'Summoned', 'Not summoned', 'Attends']

Which cards must you turn over?
Your answer:","['Does not attend', 'Summoned', 'Not summoned', 'Attends']","Let’s break this down.  

The rule is:  
**If you are Summoned for jury duty, you must Attend.**  

In logical terms:  
- If **Summoned (S)**, then **Attend (A)**.  
- Contrapositive: If **not Attend (¬A)**, then **not Summoned (¬S)**.  

We need to check for violations of the rule.  
A violation occurs when someone is **Summoned** but **does not Attend**.  
So we must check any card that could possibly show this violation.  

---

**Cards given:**  
1. **Does not attend** → This is **¬A**.  
   - According to the contrapositive, if someone does not attend, they must not have been summoned.  
   - We must check this card to see if the back says **Summoned** (which would violate the rule).  

2. **Summoned** → This is **S**.  
   - According to the rule, if summoned, they must attend.  
   - We must check this card to see if the back says **Does not attend** (which would violate the rule).  

3. **Not summoned** → This is **¬S**.  
   - The rule says nothing about what happens if not summoned (they could attend or not attend without violating the rule).  
   - So we do **not** need to check this card.  

4. **Attends** → This is **A**.  
   - If someone attends, the rule is satisfied regardless of whether they were summoned or not (because the rule only forbids being summoned and not attending).  
   - So we do **not** need to check this card.  

---

**Cards to turn over:**  
- **Does not attend** (to ensure it’s not paired with Summoned)  
- **Summoned** (to ensure it’s not paired with Does not attend)  

---

ANSWER: Does not attend, Summoned","['Does not attend', 'Summoned']","['P', 'not_Q']",CORRECT,87,417,0
81,T82,2,810044,"If you are Summoned for jury duty, you must Attend.","Rule: ""If you are Summoned for jury duty, you must Attend.""
Cards: ['Summoned', 'Does not attend', 'Not summoned', 'Attends']

Which cards must you turn over?
Your answer:","['Summoned', 'Does not attend', 'Not summoned', 'Attends']","Let’s break this down.  

The rule is:  
**If you are Summoned for jury duty, you must Attend.**  
In logical form:  
Summoned → Attend  

To check violations of this rule, we need to find cases where the **antecedent is true** but the **consequent is false**.  
That means:  
We look for people who are **Summoned** but **do not Attend**.  

---

**Step 1 – Identify the antecedent and consequent**  
Antecedent: Summoned  
Consequent: Attend  

---

**Step 2 – Determine which cards to check**  

We have four cards:  
1. **Summoned** → Check this one. If someone is Summoned, we must verify they Attend.  
2. **Does not attend** → Check this one. If someone does not attend, we must verify they were not Summoned (otherwise rule broken).  
3. **Not summoned** → No need to check. Rule says nothing about those not summoned; they can attend or not attend without violating the rule.  
4. **Attends** → No need to check. If someone attends, rule is satisfied regardless of whether they were summoned or not.  

---

**Step 3 – Conclusion**  
Cards to turn over: **Summoned** and **Does not attend**.  

---

ANSWER: Summoned, Does not attend","['Summoned', 'Does not attend']","['P', 'not_Q']",CORRECT,87,293,0
81,T82,3,810045,"If you are Summoned for jury duty, you must Attend.","Rule: ""If you are Summoned for jury duty, you must Attend.""
Cards: ['Attends', 'Does not attend', 'Summoned', 'Not summoned']

Which cards must you turn over?
Your answer:","['Attends', 'Does not attend', 'Summoned', 'Not summoned']","We have the rule: ""If you are Summoned for jury duty, you must Attend.""  
This is a conditional statement of the form: If P (Summoned), then Q (Attend).  

In logical terms:  
- P: Summoned  
- Q: Attend  

We want to check violations:  
1. A violation would be if someone is Summoned but Does not attend (P and not Q).  
2. Cases where the antecedent (P) is false are irrelevant because the rule only applies when summoned.  
3. Cases where the consequent (Q) is true without P are also irrelevant because the rule doesn’t say anything about attending without being summoned.  

The cards are:  
1. Attends (Q true)  
2. Does not attend (Q false)  
3. Summoned (P true)  
4. Not summoned (P false)  

To check for violations, we must turn over:  
- Summoned (P true): because we need to verify whether the person attends (if they don’t attend, it’s a violation).  
- Does not attend (Q false): because we need to check whether they were summoned (if summoned, it’s a violation).  

Cards we don’t need to turn over:  
- Attends (Q true): Even if they were not summoned, attending is fine. No violation possible.  
- Not summoned (P false): The rule doesn’t apply, so no violation.  

ANSWER: Summoned, Does not attend","['Summoned', 'Does not attend']","['P', 'not_Q']",CORRECT,87,320,0
81,T82,4,810046,"If you are Summoned for jury duty, you must Attend.","Rule: ""If you are Summoned for jury duty, you must Attend.""
Cards: ['Not summoned', 'Summoned', 'Attends', 'Does not attend']

Which cards must you turn over?
Your answer:","['Not summoned', 'Summoned', 'Attends', 'Does not attend']","Let’s break this down.  

The rule is:  
**If you are Summoned for jury duty, you must Attend.**  
In logical form:  
Summoned → Attend.  

This is equivalent to:  
If Summoned, then Attend.  
Contrapositive: If not Attend, then not Summoned.  

We have four cards:  
1. **Not summoned** (¬Summoned)  
2. **Summoned** (Summoned)  
3. **Attends** (Attend)  
4. **Does not attend** (¬Attend)  

We need to check only the cards that could violate the rule.  
A conditional rule ""If P then Q"" is violated only when P is true and Q is false.  
So we must check:  
- **P true** (Summoned) → must verify Q is true (Attend).  
- **Q false** (¬Attend) → must verify P is false (¬Summoned).  

Cards to turn over:  
- **Summoned** (to check if they Attended)  
- **Does not attend** (to check if they were Summoned)  

Other cards:  
- **Not summoned** → P is false, so rule not violated regardless of Q.  
- **Attends** → Q is true, so rule not violated regardless of P.  

So only two cards must be turned over.  

ANSWER: Summoned, Does not attend","['Summoned', 'Does not attend']","['P', 'not_Q']",CORRECT,87,312,0
82,T83,0,820042,"If a food handler is Sick, they must not work with Food.","Rule: ""If a food handler is Sick, they must not work with Food.""
Cards: ['Not working with food', 'Healthy handler', 'Sick handler', 'Working with food']

Which cards must you turn over?
Your answer:","['Not working with food', 'Healthy handler', 'Sick handler', 'Working with food']","Let’s break this down.  

The rule is:  
**If a food handler is Sick, they must not work with Food.**  

In logical terms:  
- If **Sick** → **Not working with food**  
- Contrapositive: If **Working with food** → **Not Sick** (i.e., Healthy)  

We have four cards:  
1. **Not working with food**  
2. **Healthy handler**  
3. **Sick handler**  
4. **Working with food**  

We need to check only the cards that could violate the rule.  

---

**Step 1 – Identify what violates the rule**  
Violation occurs if:  
- **Sick** and **Working with food** (both conditions true for the same person)  

So we must check any card that could possibly be the “Sick” case, and any card that could possibly be the “Working with food” case, to see if the other side breaks the rule.  

---

**Step 2 – Check each card**  

**Card 1: “Not working with food”**  
- This is the **Not working with food** side.  
- Rule says: If Sick → Not working with food.  
- If we turn this card, the other side could be **Sick** or **Healthy**.  
- If it’s **Sick**, that’s fine (rule says Sick → Not working with food, and here it’s true).  
- If it’s **Healthy**, also fine.  
- So no possible violation from turning this card — we don’t need to check it.  

---

**Card 2: “Healthy handler”**  
- This is **Healthy** (Not Sick).  
- Rule only applies if Sick. If not Sick, rule doesn’t force anything.  
- So turning this card can’t violate the rule (other side could be Working or Not working, both fine).  
- So no need to check.  

---

**Card 3: “Sick handler”**  
- This is **Sick**.  
- Rule says: If Sick → Not working with food.  
- So we must check the other side to ensure it’s **Not working with food**.  
- If other side is **Working with food**, rule is broken.  
- **Must turn this card.**  

---

**Card 4: “Working with food”**  
- This is **Working with food**.  
- Contrapositive: If Working with food → Not Sick.  
- So we must check the other side to ensure it’s **Not Sick** (Healthy).  
- If other side is **Sick**, rule is broken.  
- **Must turn this card.**  

---

**Step 3 – Conclusion**  
Only cards that must be turned: **Sick handler** and **Working with food**.  

---

ANSWER: Sick handler, Working with food","['Sick handler', 'Working with food']","['P', 'not_Q']",CORRECT,89,607,0
82,T83,1,820043,"If a food handler is Sick, they must not work with Food.","Rule: ""If a food handler is Sick, they must not work with Food.""
Cards: ['Working with food', 'Sick handler', 'Healthy handler', 'Not working with food']

Which cards must you turn over?
Your answer:","['Working with food', 'Sick handler', 'Healthy handler', 'Not working with food']","Let’s break this down.  

The rule is:  
**If a food handler is Sick, they must not work with Food.**  

In logical terms:  
- If **Sick** → then **Not working with food**.  
- Contrapositive: If **Working with food** → then **Not sick** (i.e., healthy).  

We have four cards:  

1. **Working with food**  
2. **Sick handler**  
3. **Healthy handler**  
4. **Not working with food**  

We need to check only violations of the rule.  
The rule is violated if: **Sick** and **Working with food** both occur.  

So we check:  
- **Sick handler** → must check the other side to ensure it is **Not working with food**.  
- **Working with food** → must check the other side to ensure it is **Not sick** (i.e., healthy).  

Other cards:  
- **Healthy handler** → doesn’t matter what’s on the other side, because the rule only says what happens if sick.  
- **Not working with food** → doesn’t matter if sick or healthy, because rule only forbids sick people from working with food; it doesn’t require healthy people to work with food.  

So we must turn over: **Working with food** and **Sick handler**.  

ANSWER: Working with food, Sick handler","['Working with food', 'Sick handler']","['P', 'not_Q']",CORRECT,89,297,0
82,T83,2,820044,"If a food handler is Sick, they must not work with Food.","Rule: ""If a food handler is Sick, they must not work with Food.""
Cards: ['Healthy handler', 'Working with food', 'Sick handler', 'Not working with food']

Which cards must you turn over?
Your answer:","['Healthy handler', 'Working with food', 'Sick handler', 'Not working with food']","Let’s break this down.  

The rule is:  
**If a food handler is Sick → they must not work with Food.**  

In logical terms:  
Sick → Not work with food.  
Contrapositive: Work with food → Not sick.  

We have four cards:  

1. **Healthy handler** → This is “not sick.”  
   - Rule says: Sick → Not work with food.  
   - If not sick, rule doesn’t apply, so no need to check.  

2. **Working with food** → This is “work with food.”  
   - From contrapositive: Work with food → Not sick.  
   - Must check if the handler is not sick. So turn this card to see if the handler is sick or healthy.  

3. **Sick handler** → This is “sick.”  
   - Rule says: Sick → Not work with food.  
   - Must check if they are working with food. So turn this card to see if they are working with food or not.  

4. **Not working with food** → This is “not work with food.”  
   - Rule says: Sick → Not work with food.  
   - If not working with food, rule is satisfied regardless of sick/healthy, so no need to check.  

So we must turn over:  
- **Working with food** (to ensure they are not sick)  
- **Sick handler** (to ensure they are not working with food)  

ANSWER: Working with food, Sick handler","['Working with food', 'Sick handler']","['P', 'not_Q']",CORRECT,89,321,0
82,T83,3,820045,"If a food handler is Sick, they must not work with Food.","Rule: ""If a food handler is Sick, they must not work with Food.""
Cards: ['Not working with food', 'Healthy handler', 'Working with food', 'Sick handler']

Which cards must you turn over?
Your answer:","['Not working with food', 'Healthy handler', 'Working with food', 'Sick handler']","Let’s break this down.  

The rule is:  
**If a food handler is Sick → they must not work with Food.**  

In logical terms:  
Sick → Not working with food.  

This is equivalent to:  
If Sick is true, then ""Not working with food"" must be true.  
Contrapositive: If ""Working with food"" is true, then ""Not Sick"" (Healthy) must be true.  

We check each card to see if turning it over could reveal a violation:  

1. **Card: ""Not working with food""**  
   - This is the consequent of the rule.  
   - If we turn it over, we might find a Sick or Healthy handler.  
   - But the rule only says: Sick → Not working with food.  
   - It does NOT say: Not working with food → Sick.  
   - So a Healthy handler not working with food is fine.  
   - Therefore, no possible violation from this card’s hidden side.  
   - **Do not need to turn.**  

2. **Card: ""Healthy handler""**  
   - This is ""Not Sick"".  
   - Rule says nothing about what Healthy handlers must do.  
   - They could be working with food or not — both allowed.  
   - So turning it over cannot reveal a violation.  
   - **Do not need to turn.**  

3. **Card: ""Working with food""**  
   - If someone is working with food, they must not be Sick (by contrapositive).  
   - Turning it over could reveal a Sick handler, which would violate the rule.  
   - **Must turn.**  

4. **Card: ""Sick handler""**  
   - If someone is Sick, they must not be working with food.  
   - Turning it over could reveal they are working with food, which would violate the rule.  
   - **Must turn.**  

So the only cards that must be turned over are: **""Working with food""** and **""Sick handler""**.  

ANSWER: Working with food, Sick handler","['Working with food', 'Sick handler']","['P', 'not_Q']",CORRECT,89,438,0
82,T83,4,820046,"If a food handler is Sick, they must not work with Food.","Rule: ""If a food handler is Sick, they must not work with Food.""
Cards: ['Healthy handler', 'Not working with food', 'Working with food', 'Sick handler']

Which cards must you turn over?
Your answer:","['Healthy handler', 'Not working with food', 'Working with food', 'Sick handler']","Let’s restate the rule in a clearer logical form:  
""If a person is a Sick handler, then they must not work with food.""

In logical terms:  
**If Sick → then Not Working with food**

This is equivalent to: ""If Sick handler, then Not Working with food.""  
So the contrapositive is: ""If Working with food → then Not Sick handler"" (i.e., they must be Healthy).

We have 4 cards:  
1. Healthy handler — represents ""Not Sick""  
2. Not working with food — represents ""Not working with food""  
3. Working with food — represents ""Working with food""  
4. Sick handler — represents ""Sick""

For a conditional statement ""If P then Q"" (P = Sick, Q = Not Working with food), to verify the rule we must check:

- **Cards that could violate the rule**:  
  - P true but Q false → card ""Sick handler"" must be checked to ensure back side is ""Not working with food"".  
  - Q false but P unknown? No—Q false means ""Working with food"". The contrapositive says if Q false (Working with food) then P must be false (Not Sick). So we need to check the ""Working with food"" card to ensure the back is ""Not Sick"" (i.e., Healthy handler).  

- Cards that don’t need to be flipped:  
  - ""Healthy handler"" (P false) – rule doesn’t say anything about if not sick. Could still be working or not working, no violation possible.  
  - ""Not working with food"" (Q true) – even if the handler is sick, Q is true so rule satisfied; if handler is healthy, also fine. So no need to check.

Thus, must turn over:  
**Sick handler** (to check if ""Working with food"" on back — violation if yes)  
**Working with food** (to check if ""Sick handler"" on back — violation if yes)

ANSWER: Sick handler, Working with food","['Sick handler', 'Working with food']","['P', 'not_Q']",CORRECT,89,427,0
83,T84,0,830042,"If you donate Blood, you must meet Health requirements.","Rule: ""If you donate Blood, you must meet Health requirements.""
Cards: ['Donating blood', 'Meets requirements', 'Does not meet', 'Receiving blood']

Which cards must you turn over?
Your answer:","['Donating blood', 'Meets requirements', 'Does not meet', 'Receiving blood']","Let’s break this down.  

The rule is:  
**If you donate Blood, you must meet Health requirements.**  

In logic terms:  
- If **P** (donate blood), then **Q** (meet health requirements).  
- Contrapositive: If **not Q** (does not meet requirements), then **not P** (not donate blood).  

We check each card:  

1. **Donating blood** → This is **P**. We must check if **Q** is true (meets requirements).  
2. **Meets requirements** → This is **Q**. No need to check, because the rule doesn’t say “if you meet requirements, you donate blood” (converse not required).  
3. **Does not meet** → This is **not Q**. We must check if the person is donating blood (P), because if they are, the rule is violated.  
4. **Receiving blood** → This is unrelated to the antecedent (donating blood), so no need to check.  

So we must turn over:  
- **Donating blood** (to see if they meet requirements)  
- **Does not meet** (to see if they are donating blood)  

ANSWER: Donating blood, Does not meet","['Donating blood', 'Does not meet']","['P', 'not_Q']",CORRECT,86,265,0
83,T84,1,830043,"If you donate Blood, you must meet Health requirements.","Rule: ""If you donate Blood, you must meet Health requirements.""
Cards: ['Meets requirements', 'Does not meet', 'Receiving blood', 'Donating blood']

Which cards must you turn over?
Your answer:","['Meets requirements', 'Does not meet', 'Receiving blood', 'Donating blood']","Let’s break this down.  

The rule is:  
**If you donate Blood, you must meet Health requirements.**  

In logical form:  
If **P** (donating blood), then **Q** (meet health requirements).  

Contrapositive: If not **Q** (does not meet health requirements), then not **P** (not donating blood).  

We need to check only cards that could violate the rule.  
The rule is violated if someone is **donating blood** but **does not meet health requirements**.  

---

**Cards given:**  
1. **Meets requirements** → This is **Q** (true for Q). No violation possible regardless of P, because rule only says what happens if P is true. So no need to check.  
2. **Does not meet** → This is **not Q**. By contrapositive, they must not be donating blood. We must check this card to ensure they are not donating blood.  
3. **Receiving blood** → This is unrelated to P (donating blood). Rule says nothing about receiving blood, so no need to check.  
4. **Donating blood** → This is **P**. Rule says if P then Q, so we must check this card to ensure they meet health requirements.  

---

**Cards to turn over:**  
- **Does not meet** (to ensure they are not donating blood)  
- **Donating blood** (to ensure they meet requirements)  

---

ANSWER: Does not meet, Donating blood","['Does not meet', 'Donating blood']","['P', 'not_Q']",CORRECT,86,314,0
83,T84,2,830044,"If you donate Blood, you must meet Health requirements.","Rule: ""If you donate Blood, you must meet Health requirements.""
Cards: ['Receiving blood', 'Meets requirements', 'Donating blood', 'Does not meet']

Which cards must you turn over?
Your answer:","['Receiving blood', 'Meets requirements', 'Donating blood', 'Does not meet']","Let’s break this down.  

The rule is:  
> If you donate Blood, you must meet Health requirements.  

In logic terms:  
- If **P** (donating blood) then **Q** (meets health requirements).  
- Contrapositive: If not **Q** (does not meet health requirements) then not **P** (not donating blood).  

We need to check violations:  
A violation would be **P true and Q false** (donating blood but not meeting requirements).  

Cards given:  

1. **Receiving blood** → This is not **P** (donating blood) and not necessarily related to **Q** in the rule. No need to check.  
2. **Meets requirements** → This is **Q true**. Could **P** be false? Yes, but that’s not a violation (rule only says if P then Q, not if Q then P). So no need to check.  
3. **Donating blood** → This is **P true**. Must check if **Q** is true. Must turn over.  
4. **Does not meet** → This is **Q false**. Must check if **P** is true (because if P is true, it’s a violation). Must turn over.  

So must turn over: **Donating blood** and **Does not meet**.  

ANSWER: Donating blood, Does not meet","['Donating blood', 'Does not meet']","['P', 'not_Q']",CORRECT,86,295,0
83,T84,3,830045,"If you donate Blood, you must meet Health requirements.","Rule: ""If you donate Blood, you must meet Health requirements.""
Cards: ['Meets requirements', 'Does not meet', 'Donating blood', 'Receiving blood']

Which cards must you turn over?
Your answer:","['Meets requirements', 'Does not meet', 'Donating blood', 'Receiving blood']","Let’s break this down.  

**Rule:**  
""If you donate Blood, you must meet Health requirements.""  
Logical form:  
If **P** (donate blood), then **Q** (meet health requirements).  
P → Q  

**Cards:**  
1. ""Meets requirements"" → This is **Q** (health requirements met).  
2. ""Does not meet"" → This is **¬Q** (not meet health requirements).  
3. ""Donating blood"" → This is **P** (donate blood).  
4. ""Receiving blood"" → This is irrelevant to the rule (not P, not Q).  

---

**Checking each card for what must be turned over:**  
We need to check for possible violations of P → Q.  
Violation occurs only when **P is true and Q is false**.  

- **Card 1: ""Meets requirements"" (Q true)**  
  If Q is true, rule cannot be violated regardless of P.  
  → No need to check.  

- **Card 2: ""Does not meet"" (Q false)**  
  If Q is false, we must check P: if P is true, rule is violated.  
  → Must turn over to see if person is donating blood.  

- **Card 3: ""Donating blood"" (P true)**  
  If P is true, we must check Q: if Q is false, rule is violated.  
  → Must turn over to see if person meets requirements.  

- **Card 4: ""Receiving blood"" (P false)**  
  If P is false, rule is automatically satisfied (no violation possible).  
  → No need to check.  

---

**Cards to turn over:**  
Card 2 (""Does not meet"") and Card 3 (""Donating blood"").  

ANSWER: Does not meet, Donating blood","['Does not meet', 'Donating blood']","['P', 'not_Q']",CORRECT,86,393,0
83,T84,4,830046,"If you donate Blood, you must meet Health requirements.","Rule: ""If you donate Blood, you must meet Health requirements.""
Cards: ['Meets requirements', 'Receiving blood', 'Donating blood', 'Does not meet']

Which cards must you turn over?
Your answer:","['Meets requirements', 'Receiving blood', 'Donating blood', 'Does not meet']","Let’s break this down.  

**Rule:** ""If you donate Blood, you must meet Health requirements.""  
This is a conditional statement:  
- If **donating blood** → then **must meet health requirements**.  
- In logic: \( P \rightarrow Q \) where:  
  \( P \): Donating blood  
  \( Q \): Meets health requirements  

**Cards:**  
1. ""Meets requirements"" → This is \( Q \) (the consequent).  
2. ""Receiving blood"" → Not mentioned in the rule (irrelevant to \( P \) or \( Q \)).  
3. ""Donating blood"" → This is \( P \) (the antecedent).  
4. ""Does not meet"" → This is \( \neg Q \) (negation of the consequent).  

---

**Reasoning (Wason selection task logic):**  
We check possible violations of the rule \( P \rightarrow Q \).  
The only way the rule is violated is if \( P \) is true and \( Q \) is false.  
So we must check:  
- **Cards where \( P \) is true** (Donating blood) → must verify \( Q \) is true.  
- **Cards where \( Q \) is false** (Does not meet) → must verify \( P \) is false (because if \( P \) were true here, rule broken).  

Cards irrelevant to violation:  
- ""Meets requirements"" (\( Q \) true) → rule can’t be violated regardless of \( P \).  
- ""Receiving blood"" → not \( P \) or \( Q \), so irrelevant.  

---

**Cards to turn over:**  
1. ""Donating blood"" (\( P \)) → to check if ""Meets requirements"" on other side.  
2. ""Does not meet"" (\( \neg Q \)) → to check if ""Donating blood"" on other side.  

---

ANSWER: Donating blood, Does not meet","['Donating blood', 'Does not meet']","['P', 'not_Q']",CORRECT,86,408,0
84,T85,0,840042,"If a building is Condemned, people must Evacuate.","Rule: ""If a building is Condemned, people must Evacuate.""
Cards: ['Condemned building', 'Safe building', 'Evacuated', 'Stays inside']

Which cards must you turn over?
Your answer:","['Condemned building', 'Safe building', 'Evacuated', 'Stays inside']","Let’s break this down.  

The rule is:  
**If a building is Condemned, people must Evacuate.**  
This is a conditional statement of the form:  
If **P** (Condemned building), then **Q** (Evacuate).  

In logic, to test whether the rule is being followed, we need to check:  
1. **P true → Q must be true** → Check cards where P is true (Condemned building) to see if Q (Evacuated) is true.  
2. **Q false → P must be false** → Check cards where Q is false (not Evacuated) to see if P (Condemned) is false.  

---

**Cards given:**  
- **Condemned building** → P is true → Must check if people Evacuated.  
- **Safe building** → P is false → No requirement from the rule (if not condemned, rule doesn’t say anything).  
- **Evacuated** → Q is true → No need to check (Q true doesn’t violate rule regardless of P).  
- **Stays inside** → Q is false → Must check if building is Condemned (if it is, rule is broken).  

---

**Must turn over:**  
1. **Condemned building** (to see if evacuated)  
2. **Stays inside** (to see if building is condemned)  

---

ANSWER: Condemned building, Stays inside","['Condemned building', 'Stays inside']","['P', 'not_Q']",CORRECT,89,313,0
84,T85,1,840043,"If a building is Condemned, people must Evacuate.","Rule: ""If a building is Condemned, people must Evacuate.""
Cards: ['Safe building', 'Condemned building', 'Evacuated', 'Stays inside']

Which cards must you turn over?
Your answer:","['Safe building', 'Condemned building', 'Evacuated', 'Stays inside']","First, let’s understand the rule:  
**""If a building is Condemned, people must Evacuate.""**  
This is a conditional statement of the form:  
If **P** (building is Condemned), then **Q** (people must Evacuate).  

We have four cards:  
1. **Safe building** – This means the building is not condemned (¬P).  
2. **Condemned building** – This means the building is condemned (P).  
3. **Evacuated** – This means people evacuated (Q).  
4. **Stays inside** – This means people did not evacuate (¬Q).  

To test whether the rule is being followed, we need to check for violations.  
A violation occurs when **P is true and Q is false**.  
So we must check:  
- Cases where **P** is true (Condemned building) → we must see if Q is true (Evacuated).  
- Cases where **Q** is false (Stays inside) → we must see if P is false (not Condemned).  

We do not need to check:  
- Cases where **P** is false (Safe building) → rule does not apply, so no violation regardless of Q.  
- Cases where **Q** is true (Evacuated) → could be true even if P is false (safe building evacuated for other reasons), which does not violate the rule.  

Therefore, we must turn over:  
1. **Condemned building** (P true) → to check if people evacuated.  
2. **Stays inside** (Q false) → to check if the building is condemned (if condemned, violation).  

**Safe building** and **Evacuated** do not need to be turned over for rule verification.  

ANSWER: Condemned building, Stays inside","['Condemned building', 'Stays inside']","['P', 'not_Q']",CORRECT,89,392,0
84,T85,2,840044,"If a building is Condemned, people must Evacuate.","Rule: ""If a building is Condemned, people must Evacuate.""
Cards: ['Stays inside', 'Safe building', 'Condemned building', 'Evacuated']

Which cards must you turn over?
Your answer:","['Stays inside', 'Safe building', 'Condemned building', 'Evacuated']","Let’s break this down.  

The rule is:  
**If a building is Condemned, people must Evacuate.**  
This is a conditional statement of the form:  
If **P** (building is Condemned), then **Q** (people must Evacuate).  

In logic, to test whether the rule is being followed, we need to check:  
1. Cases where **P** is true (Condemned building) — we must verify **Q** is true (Evacuated).  
2. Cases where **Q** is false (not Evacuated) — we must verify **P** is false (not Condemned).  

The other cases (not P, and Q true) don’t violate the rule.  

---

**Cards given:**  
- **Stays inside** → This describes a person’s action: not evacuated. So this is **not Q** (since “Evacuated” is Q). We must check that the building is not Condemned (not P).  
- **Safe building** → This means not condemned (not P). No need to check, because rule says nothing about what happens if not condemned.  
- **Condemned building** → This is **P**. Must check that people evacuated (Q).  
- **Evacuated** → This is **Q**. No need to check, because rule doesn’t forbid evacuation in non-condemned buildings.  

---

**Must turn over:**  
1. **Condemned building** (to check if people evacuated)  
2. **Stays inside** (to check if building is not condemned)  

---

ANSWER: Condemned building, Stays inside","['Condemned building', 'Stays inside']","['P', 'not_Q']",CORRECT,89,355,0
84,T85,3,840045,"If a building is Condemned, people must Evacuate.","Rule: ""If a building is Condemned, people must Evacuate.""
Cards: ['Evacuated', 'Stays inside', 'Safe building', 'Condemned building']

Which cards must you turn over?
Your answer:","['Evacuated', 'Stays inside', 'Safe building', 'Condemned building']","Let’s break this down.  

The rule is:  
**If a building is Condemned, people must Evacuate.**  
In logical form:  
If **Condemned** → **Evacuate**.  

This is equivalent to:  
If not **Evacuate** → not **Condemned**.  

---

**Cards given:**  
1. **Evacuated**  
2. **Stays inside**  
3. **Safe building**  
4. **Condemned building**  

We need to check only the cards necessary to test whether the rule is being violated.  

---

**Step 1 – Identify antecedent and consequent**  
- Antecedent (P): Building is Condemned  
- Consequent (Q): People Evacuate  

**Step 2 – Which cases violate the rule?**  
Violations occur when:  
- P is true (Condemned) and Q is false (not Evacuated).  

So we must check:  
1. **Cards where P is true** → to see if Q is false.  
2. **Cards where Q is false** → to see if P is true.  

---

**Step 3 – Map cards to logical conditions**  

- **Evacuated** → This means Q is true. No need to check for violation here because if Q is true, rule cannot be broken regardless of P.  
- **Stays inside** → This means Q is false (not Evacuated). Must check if P is true (Condemned).  
- **Safe building** → This means P is false (not Condemned). No need to check because if P is false, rule is automatically satisfied regardless of Q.  
- **Condemned building** → This means P is true. Must check if Q is false (not Evacuated).  

---

**Step 4 – Conclusion**  
Must turn over:  
- **Condemned building** (to check if people evacuated)  
- **Stays inside** (to check if building is condemned)  

---

ANSWER: Condemned building, Stays inside","['Condemned building', 'Stays inside']","['P', 'not_Q']",CORRECT,89,438,0
84,T85,4,840046,"If a building is Condemned, people must Evacuate.","Rule: ""If a building is Condemned, people must Evacuate.""
Cards: ['Safe building', 'Stays inside', 'Evacuated', 'Condemned building']

Which cards must you turn over?
Your answer:","['Safe building', 'Stays inside', 'Evacuated', 'Condemned building']","Let’s break this down.  

The rule is:  
**If a building is Condemned, people must Evacuate.**  
This is a conditional statement of the form:  
If **P** (building is Condemned), then **Q** (people must Evacuate).  

In logic terms:  
P → Q  

To test whether the rule is being followed, we need to check:  
1. Cases where **P** is true (Condemned building) — must verify **Q** is true (Evacuated).  
2. Cases where **Q** is false (people did not Evacuate) — must verify **P** is false (building not Condemned).  

We do **not** need to check cases where P is false (building not Condemned) — rule says nothing about those.  
We do **not** need to check cases where Q is true (Evacuated) — rule doesn’t forbid evacuating when building is safe.  

---

**Cards given:**  
- **Safe building** → This is **not P** (P = Condemned, so Safe = ¬P). No need to check.  
- **Stays inside** → This is **not Q** (Q = Evacuate, so Stays inside = ¬Q). **Must check** to ensure building is not Condemned.  
- **Evacuated** → This is **Q**. No need to check.  
- **Condemned building** → This is **P**. **Must check** to ensure people evacuated.  

---

**Cards to turn over:**  
1. Condemned building (check evacuation status)  
2. Stays inside (check if building is condemned)  

---

ANSWER: Condemned building, Stays inside","['Condemned building', 'Stays inside']","['P', 'not_Q']",CORRECT,89,373,0
85,T86,0,850042,"If you drive a Motorcycle, you must wear a Helmet.","Rule: ""If you drive a Motorcycle, you must wear a Helmet.""
Cards: ['Motorcycle', 'No helmet', 'Wears helmet', 'Bicycle']

Which cards must you turn over?
Your answer:","['Motorcycle', 'No helmet', 'Wears helmet', 'Bicycle']","Let's reason this out step by step.  

**Step 1 – Understanding the rule**  
The rule is: ""If you drive a Motorcycle, you must wear a Helmet.""  
In logical terms:  
- Driving a Motorcycle → Must wear a Helmet.  
That means: if the antecedent (driving a motorcycle) is true, the consequent (wearing a helmet) must be true.  

**Step 2 – What we need to check**  
We need to check for violations of this conditional rule.  
Violations happen only when the antecedent is true but the consequent is false.  
So, we must check:  
1. Cards where **Motorcycle** is true: we must see if the helmet condition is false.  
2. Cards where **No helmet** is true: we must see if the motorcycle condition is true (because if someone is not wearing a helmet, they must *not* be driving a motorcycle for the rule to hold).  

**Step 3 – List of cards and what they represent**  
Cards:  
- 'Motorcycle' → antecedent true (driving motorcycle)  
- 'No helmet' → consequent false (not wearing helmet)  
- 'Wears helmet' → consequent true (wearing helmet)  
- 'Bicycle' → antecedent false (not driving motorcycle)  

**Step 4 – Which cards must be turned over?**  
We turn over only cards that could possibly show a violation.  
Let's evaluate each card:  

- **Card 'Motorcycle'** (antecedent true): If we turn it over and see it's true, we must check the consequent on the other side. Could be ""No helmet"" or ""Wears helmet""? We don't know until we turn it. But to verify rule, we must see if on the back side the person is wearing a helmet. If back side says ""No helmet,"" rule is broken. So we **must turn** this card.  

- **Card 'No helmet'** (consequent false): If we turn it over and see ""No helmet"" is true, we must check the antecedent on the other side. Could it be ""Motorcycle""? If yes, rule is broken. So we **must turn** this card.  

- **Card 'Wears helmet'** (consequent true): Turning it over: if consequent true, rule is satisfied regardless of antecedent (because rule only says if motorcycle then helmet, not the converse). If they are wearing a helmet, they could be driving a motorcycle or not — both are okay. No violation possible. So **no need to turn**.  

- **Card 'Bicycle'** (antecedent false): If antecedent false (not driving motorcycle), rule does not apply, so consequent can be either helmet or no helmet — no violation. So **no need to turn**.  

**Step 5 – Conclusion**  
Cards to turn over: **Motorcycle** and **No helmet**.  

ANSWER: Motorcycle, No helmet","['Motorcycle', 'No helmet']","['P', 'not_Q']",CORRECT,86,618,0
85,T86,1,850043,"If you drive a Motorcycle, you must wear a Helmet.","Rule: ""If you drive a Motorcycle, you must wear a Helmet.""
Cards: ['Wears helmet', 'Motorcycle', 'No helmet', 'Bicycle']

Which cards must you turn over?
Your answer:","['Wears helmet', 'Motorcycle', 'No helmet', 'Bicycle']","We’re given the rule: ""If you drive a Motorcycle, you must wear a Helmet.""  

This is a conditional statement of the form: If P (Motorcycle), then Q (Helmet).  

To test whether the rule is being followed, we must check cards that could violate it. Violations occur when P is true but Q is false (i.e., someone driving a motorcycle without wearing a helmet).  

The four cards are:  
1. 'Wears helmet' — this is Q (Helmet). If Q is true, we don’t care about P? Actually, Q being true doesn’t tell us if P is true or false, so it doesn’t necessarily violate the rule. No need to turn, because the rule only says ""if motorcycle then helmet""; it doesn’t forbid wearing a helmet when not on a motorcycle.  
2. 'Motorcycle' — this is P (Motorcycle). Must check whether Q (Helmet) is true for this case. If Q is false here, that’s a violation, so we must turn it.  
3. 'No helmet' — this is ¬Q (not wearing helmet). Could violate the rule if the person is driving a motorcycle (P true). Need to check if P is true in this case — must turn it.  
4. 'Bicycle' — this is ¬P (not motorcycle). If P is false, the rule doesn’t apply, so even if Q is false, no violation. No need to turn.  

Cards to turn: Motorcycle (check if helmet is worn) and No helmet (check if they are on a motorcycle).  

ANSWER: Motorcycle, No helmet","['Motorcycle', 'No helmet']","['P', 'not_Q']",CORRECT,86,350,0
85,T86,2,850044,"If you drive a Motorcycle, you must wear a Helmet.","Rule: ""If you drive a Motorcycle, you must wear a Helmet.""
Cards: ['No helmet', 'Wears helmet', 'Bicycle', 'Motorcycle']

Which cards must you turn over?
Your answer:","['No helmet', 'Wears helmet', 'Bicycle', 'Motorcycle']","Let’s break this down.  

The rule is:  
**If you drive a Motorcycle, you must wear a Helmet.**  

In logic terms:  
If **Motorcycle** → **Wears Helmet**  

Contrapositive:  
If **not Wears Helmet** → **not Motorcycle**  

We need to check only cards that could violate the rule.  
Possible violations:  
1. Someone drives a Motorcycle but does **not** wear a Helmet.  
2. (The contrapositive case) Someone does not wear a Helmet but drives a Motorcycle — this is the same as case 1.  

---

**Cards given:**  
- **No helmet** → This is “not wearing a helmet.”  
  Must check: Is this person driving a Motorcycle? If yes, rule broken. So we must turn this card to check.  
- **Wears helmet** → This satisfies the consequent.  
  No need to check what they drive, because the rule only says what happens if they drive a Motorcycle; it doesn’t forbid wearing a helmet while driving something else.  
- **Bicycle** → This is “not a Motorcycle.”  
  Rule doesn’t apply to bicycles, so no need to check.  
- **Motorcycle** → This satisfies the antecedent.  
  Must check: Are they wearing a Helmet? If not, rule broken. So we must turn this card to check.  

---

**Cards to turn over:**  
1. **No helmet** (to ensure they are not driving a Motorcycle)  
2. **Motorcycle** (to ensure they are wearing a Helmet)  

---

ANSWER: No helmet, Motorcycle","['No helmet', 'Motorcycle']","['P', 'not_Q']",CORRECT,86,354,0
85,T86,3,850045,"If you drive a Motorcycle, you must wear a Helmet.","Rule: ""If you drive a Motorcycle, you must wear a Helmet.""
Cards: ['Bicycle', 'Motorcycle', 'No helmet', 'Wears helmet']

Which cards must you turn over?
Your answer:","['Bicycle', 'Motorcycle', 'No helmet', 'Wears helmet']","Let’s break this down.  

The rule is:  
**If you drive a Motorcycle, you must wear a Helmet.**  

In logical terms:  
- If **Motorcycle** (M) → then **Helmet** (H).  
- Contrapositive: If **not Helmet** (¬H) → then **not Motorcycle** (¬M).  

We need to check only cards that could violate the rule.  

Cards:  
1. **Bicycle** → This is not a Motorcycle, so the rule doesn’t apply to it. No need to check.  
2. **Motorcycle** → Must check the other side to ensure it is **Helmet**.  
3. **No helmet** → Must check the other side to ensure it is **not Motorcycle** (contrapositive check).  
4. **Wears helmet** → This satisfies the rule regardless of what’s on the other side (because if they drive a Motorcycle, they are wearing a helmet; if they don’t drive a Motorcycle, rule doesn’t apply). So no need to check.  

Thus, must turn over: **Motorcycle** and **No helmet**.  

ANSWER: Motorcycle, No helmet","['Motorcycle', 'No helmet']","['P', 'not_Q']",CORRECT,86,257,0
85,T86,4,850046,"If you drive a Motorcycle, you must wear a Helmet.","Rule: ""If you drive a Motorcycle, you must wear a Helmet.""
Cards: ['Bicycle', 'Wears helmet', 'No helmet', 'Motorcycle']

Which cards must you turn over?
Your answer:","['Bicycle', 'Wears helmet', 'No helmet', 'Motorcycle']","Let’s break this down.  

The rule is:  
**If you drive a Motorcycle, you must wear a Helmet.**  
In logical form:  
If **Motorcycle** → **Wear Helmet**.  

Contrapositive:  
If **not wearing Helmet** → **not driving a Motorcycle**.  

We have four cards:  

1. **Bicycle** (not a Motorcycle)  
2. **Wears helmet** (wearing a helmet)  
3. **No helmet** (not wearing a helmet)  
4. **Motorcycle** (driving a motorcycle)  

We need to check only cards that could violate the rule.  

---

**Step 1 – Which cards to check?**  
We check:  
- Cards that might break the **original statement** (Motorcycle → Helmet).  
- That happens if:  
  a) **Motorcycle** (check if other side is “No helmet”) — because if Motorcycle and no helmet, rule broken.  
  b) **No helmet** (check if other side is “Motorcycle”) — because if no helmet and motorcycle, rule broken.  

---

**Step 2 – Why not the others?**  
- **Bicycle**: Not a motorcycle, so rule doesn’t apply. Even if other side is “No helmet”, rule says nothing about bicycles.  
- **Wears helmet**: Already wearing helmet, so even if other side is “Motorcycle”, that’s fine (Motorcycle → Helmet is satisfied).  

---

**Step 3 – Conclusion**  
Must turn over: **Motorcycle** and **No helmet**.  

---

ANSWER: Motorcycle, No helmet","['Motorcycle', 'No helmet']","['P', 'not_Q']",CORRECT,86,351,0
86,T87,0,860042,"If a pharmacist dispenses a Drug, they must verify the Prescription.","Rule: ""If a pharmacist dispenses a Drug, they must verify the Prescription.""
Cards: ['Dispensing drug', 'Verified prescription', 'No verification', 'Selling vitamins']

Which cards must you turn over?
Your answer:","['Dispensing drug', 'Verified prescription', 'No verification', 'Selling vitamins']","Let’s break this down.  

**Rule:**  
If a pharmacist dispenses a Drug, they must verify the Prescription.  
Logical form:  
If **Dispense Drug** → **Must Verify Prescription**.  

**Contrapositive:**  
If **Not Verify Prescription** → **Not Dispense Drug**.  

---

**Cards:**  
1. **Dispensing drug** → Check if they verified the prescription. If this card is “Dispensing drug,” we must ensure the back says “Verified prescription.” If it doesn’t, rule is broken.  
2. **Verified prescription** → This is the consequent. No need to check: rule says nothing about what happens if they verified a prescription (they could be doing something unrelated to drugs).  
3. **No verification** → If this is on one side, check the other side for “Dispensing drug.” If it says “Dispensing drug,” rule is broken (because no verification but dispensing drug).  
4. **Selling vitamins** → This is not “dispensing a drug,” so rule doesn’t apply. No need to check.  

---

**Must turn over:**  
- **Dispensing drug** (to check if “Verified prescription” on back)  
- **No verification** (to check if “Dispensing drug” on back)  

---

ANSWER: Dispensing drug, No verification","['Dispensing drug', 'No verification']","['P', 'not_Q']",CORRECT,89,290,0
86,T87,1,860043,"If a pharmacist dispenses a Drug, they must verify the Prescription.","Rule: ""If a pharmacist dispenses a Drug, they must verify the Prescription.""
Cards: ['No verification', 'Verified prescription', 'Selling vitamins', 'Dispensing drug']

Which cards must you turn over?
Your answer:","['No verification', 'Verified prescription', 'Selling vitamins', 'Dispensing drug']","Let’s break this down.  

**Rule:**  
If a pharmacist dispenses a Drug → they must verify the Prescription.  
Logical form:  
If **Dispensing drug** (P) → **Verify prescription** (Q).  

**Contrapositive:**  
If not **Verify prescription** (¬Q) → not **Dispensing drug** (¬P).  

---

**Cards:**  
1. No verification → ¬Q  
2. Verified prescription → Q  
3. Selling vitamins → not about drugs (¬P)  
4. Dispensing drug → P  

---

**Checking each card:**  
We need to check for possible violations of the rule **P → Q**.  
Violation happens when **P is true and Q is false**.  

So we must check:  
- **P true** (Dispensing drug) → must see if Q is true.  
- **Q false** (No verification) → must see if P is false.  

---

**Card 1: No verification (¬Q)**  
Must check: if P is true here, rule is violated. So turn to see if it’s “Dispensing drug” on other side.  

**Card 2: Verified prescription (Q)**  
Q true means rule’s consequent is satisfied regardless of P. No violation possible from this card alone. So no need to check.  

**Card 3: Selling vitamins (¬P)**  
P is false, so rule’s antecedent is false → rule is automatically true regardless of Q. No need to check.  

**Card 4: Dispensing drug (P)**  
Must check: if Q is false here, rule is violated. So turn to see if it’s “No verification” on other side.  

---

**Cards to turn over:**  
Card 1 (No verification) and Card 4 (Dispensing drug).  

---

ANSWER: No verification, Dispensing drug","['No verification', 'Dispensing drug']","['P', 'not_Q']",CORRECT,89,402,0
86,T87,2,860044,"If a pharmacist dispenses a Drug, they must verify the Prescription.","Rule: ""If a pharmacist dispenses a Drug, they must verify the Prescription.""
Cards: ['Dispensing drug', 'Selling vitamins', 'No verification', 'Verified prescription']

Which cards must you turn over?
Your answer:","['Dispensing drug', 'Selling vitamins', 'No verification', 'Verified prescription']","Let’s break this down.  

**Rule:**  
If a pharmacist dispenses a Drug, they must verify the Prescription.  
Logical form:  
If **Dispense Drug** → **Must Verify Prescription**.  

**Contrapositive:**  
If **Not Verify Prescription** → **Not Dispense Drug**.  

---

**Cards given:**  
1. **Dispensing drug** → Checks the **antecedent** (Dispense Drug). We must see if the **consequent** (Verify Prescription) is true. So turn this over.  
2. **Selling vitamins** → This is not “dispensing a drug” (vitamins are not necessarily a prescription drug in this context), so rule doesn’t apply. No need to check.  
3. **No verification** → Checks the **negated consequent** (Not Verify Prescription). We must see if the antecedent (Dispense Drug) is false. So turn this over.  
4. **Verified prescription** → This is the **consequent** being true. If consequent is true, rule tells us nothing about antecedent (could be drug or not). So no need to check.  

---

**Cards to turn over:**  
- Dispensing drug  
- No verification  

---

ANSWER: Dispensing drug, No verification","['Dispensing drug', 'No verification']","['P', 'not_Q']",CORRECT,89,271,0
86,T87,3,860045,"If a pharmacist dispenses a Drug, they must verify the Prescription.","Rule: ""If a pharmacist dispenses a Drug, they must verify the Prescription.""
Cards: ['Dispensing drug', 'Verified prescription', 'Selling vitamins', 'No verification']

Which cards must you turn over?
Your answer:","['Dispensing drug', 'Verified prescription', 'Selling vitamins', 'No verification']","Let’s break this down.  

**Rule:**  
If a pharmacist dispenses a Drug, they must verify the Prescription.  

In logical form:  
If **Dispensing drug** → **must verify the Prescription**.  

This is a conditional statement:  
**If P then Q**, where:  
P = Dispensing drug  
Q = Verified prescription  

---

**Checking for violations:**  
We need to find cases where **P is true but Q is false** (i.e., dispensing drug but no verification).  

So we must check:  
1. Cards where **P is true** (to see if Q is false) → check ""Dispensing drug"".  
2. Cards where **Q is false** (to see if P is true) → check ""No verification"".  

---

**Cards:**  
- **Dispensing drug** → P is true, must check if Q is true on the other side. If other side says ""No verification"", rule broken.  
- **Verified prescription** → Q is true. This does not violate the rule (rule says nothing about what happens if not dispensing drug). No need to check.  
- **Selling vitamins** → Not dispensing drug (P is false). Rule not violated regardless of other side. No need to check.  
- **No verification** → Q is false. Must check if P is true on the other side. If other side says ""Dispensing drug"", rule broken.  

---

**Must turn over:**  
1. **Dispensing drug** (P true → must ensure Q true)  
2. **No verification** (Q false → must ensure P false)  

---

ANSWER: Dispensing drug, No verification","['Dispensing drug', 'No verification']","['P', 'not_Q']",CORRECT,89,354,0
86,T87,4,860046,"If a pharmacist dispenses a Drug, they must verify the Prescription.","Rule: ""If a pharmacist dispenses a Drug, they must verify the Prescription.""
Cards: ['Dispensing drug', 'No verification', 'Verified prescription', 'Selling vitamins']

Which cards must you turn over?
Your answer:","['Dispensing drug', 'No verification', 'Verified prescription', 'Selling vitamins']","Let’s break this down.  

**Rule:**  
If a pharmacist dispenses a Drug → they must verify the Prescription.  
Logical form:  
If **P** (dispense drug) then **Q** (verify prescription).  

**Contrapositive:**  
If not **Q** (did not verify prescription) → then not **P** (did not dispense drug).  

To check violations, we need to find cases where **P is true but Q is false**.  
So we must check:  
1. Cards where **P is true** (dispensing drug) → must ensure Q is true (verification happened).  
2. Cards where **Q is false** (no verification) → must ensure P is false (not dispensing drug).  

---

**Cards:**  
- ""Dispensing drug"" → **P is true** → must check other side for verification (Q).  
- ""No verification"" → **Q is false** → must check other side for not dispensing drug (not P).  
- ""Verified prescription"" → **Q is true** → no need to check (rule says nothing about when Q is true).  
- ""Selling vitamins"" → not P (not dispensing drug) → no need to check (rule only applies if P is true).  

---

**Must turn over:**  
1. ""Dispensing drug"" (to ensure verification happened)  
2. ""No verification"" (to ensure no drug was dispensed)  

---

ANSWER: Dispensing drug, No verification","['Dispensing drug', 'No verification']","['P', 'not_Q']",CORRECT,89,316,0
87,T88,0,870042,"If a patient is Discharged, a doctor must sign the Release.","Rule: ""If a patient is Discharged, a doctor must sign the Release.""
Cards: ['No signature', 'Admitted', 'Discharged', 'Doctor signed']

Which cards must you turn over?
Your answer:","['No signature', 'Admitted', 'Discharged', 'Doctor signed']","Let’s break this down.  

**Rule:**  
""If a patient is Discharged, a doctor must sign the Release.""  
This is a conditional statement:  
- If **Discharged** → **Doctor signed**  
- In logic terms: **D → S** (where D = Discharged, S = Doctor signed)  

---

**Truth table reminder for D → S:**  
- Only false when D is true and S is false.  
- So we must check cases where **D is true** (to ensure S is true) and cases where **S is false** (to ensure D is false).  

---

**Cards given:**  
1. **No signature** → This means **S is false** (no doctor signed).  
   - Must check: if S is false, D must be false (patient not Discharged).  
   - So we must turn this card to check if patient is Discharged.  

2. **Admitted** → This means **D is false** (patient not Discharged).  
   - D false makes D → S automatically true, no need to check S.  
   - So no need to turn this card.  

3. **Discharged** → This means **D is true**.  
   - Must check: if D is true, S must be true (doctor signed).  
   - So we must turn this card to check if doctor signed.  

4. **Doctor signed** → This means **S is true**.  
   - S true does not tell us anything about D (D could be true or false, rule still holds).  
   - So no need to turn this card.  

---

**Cards to turn over:**  
- **No signature** (to ensure not Discharged)  
- **Discharged** (to ensure Doctor signed)  

---

ANSWER: No signature, Discharged","['No signature', 'Discharged']","['P', 'not_Q']",CORRECT,85,383,0
87,T88,1,870043,"If a patient is Discharged, a doctor must sign the Release.","Rule: ""If a patient is Discharged, a doctor must sign the Release.""
Cards: ['No signature', 'Doctor signed', 'Discharged', 'Admitted']

Which cards must you turn over?
Your answer:","['No signature', 'Doctor signed', 'Discharged', 'Admitted']","Let’s break this down.  

**Step 1: Understand the rule**  
Rule: *If a patient is Discharged, a doctor must sign the Release.*  
Logical form: If **Discharged** → **Doctor signed**.  
This is a conditional statement:  
- P = ""patient is Discharged""  
- Q = ""doctor signed the Release""  
Rule: P → Q  

**Step 2: Identify what each card represents**  
Cards:  
1. ""No signature"" → This means **not Q** (doctor did not sign).  
2. ""Doctor signed"" → This means **Q** (doctor signed).  
3. ""Discharged"" → This means **P** (patient is discharged).  
4. ""Admitted"" → This means **not P** (patient is not discharged).  

**Step 3: Apply the Wason selection task logic**  
To check if the rule P → Q is being followed, we must test:  
- **Cards that could violate the rule** if we don’t check them.  
Violations happen if P is true and Q is false.  
So we need to check:  
   - **P cards** (Discharged) → must verify Q is true (doctor signed).  
   - **not Q cards** (No signature) → must verify P is false (not discharged).  

**Step 4: Check each card**  
- ""No signature"" (not Q): Must turn over to ensure patient is not Discharged (P false).  
- ""Doctor signed"" (Q): No need to turn over — even if P is true, Q is true, so rule holds.  
- ""Discharged"" (P): Must turn over to ensure Q is true (doctor signed).  
- ""Admitted"" (not P): No need to turn over — rule only applies if P is true.  

**Step 5: Conclusion**  
Must turn over: ""No signature"" and ""Discharged"".  

ANSWER: No signature, Discharged","['No signature', 'Discharged']","['P', 'not_Q']",CORRECT,85,422,0
87,T88,2,870044,"If a patient is Discharged, a doctor must sign the Release.","Rule: ""If a patient is Discharged, a doctor must sign the Release.""
Cards: ['Discharged', 'Admitted', 'Doctor signed', 'No signature']

Which cards must you turn over?
Your answer:","['Discharged', 'Admitted', 'Doctor signed', 'No signature']","Let’s break this down.  

The rule is:  
**If a patient is Discharged, a doctor must sign the Release.**  

In logical terms:  
- If **Discharged (D)**, then **Doctor signed (S)**.  
- Contrapositive: If **not Doctor signed (¬S)**, then **not Discharged (¬D)**.  

We have four cards:  
1. **Discharged** (D)  
2. **Admitted** (¬D)  
3. **Doctor signed** (S)  
4. **No signature** (¬S)  

We need to check only cards that could violate the rule.  
Possible violations:  
- **D on one side, ¬S on the other** (breaks ""If D then S"")  
- **¬S on one side, D on the other** (same violation, just reversed card)  

So we test:  
- **Card 1: Discharged (D)** → Must check back for **¬S** (No signature). If back is ¬S, rule broken.  
- **Card 2: Admitted (¬D)** → Rule says nothing about what happens if not discharged, so no need to check (even if back is ¬S, rule not broken).  
- **Card 3: Doctor signed (S)** → If back is D, that’s fine (rule says if D then S, not ""if S then D""). If back is ¬D, still fine. So no need to check.  
- **Card 4: No signature (¬S)** → Must check back for **D** (Discharged). If back is D, rule broken.  

Thus, only cards that must be turned: **Discharged** and **No signature**.  

ANSWER: Discharged, No signature","['Discharged', 'No signature']","['P', 'not_Q']",CORRECT,85,378,0
87,T88,3,870045,"If a patient is Discharged, a doctor must sign the Release.","Rule: ""If a patient is Discharged, a doctor must sign the Release.""
Cards: ['Admitted', 'Discharged', 'Doctor signed', 'No signature']

Which cards must you turn over?
Your answer:","['Admitted', 'Discharged', 'Doctor signed', 'No signature']","Let’s break this down.  

The rule is:  
**If a patient is Discharged, a doctor must sign the Release.**  

In logical terms:  
- Let \( D \) = ""patient is Discharged""  
- Let \( S \) = ""doctor signed the Release""  

Rule: \( D \rightarrow S \) (If D, then S)  

To check violations, we look for cases where \( D \) is true but \( S \) is false.  
That means we must check:  
1. Cards where \( D \) is true (Discharged) → must verify \( S \) is true.  
2. Cards where \( S \) is false (No signature) → must verify \( D \) is false.  

Other combinations don’t violate the rule:  
- If not Discharged (\( \neg D \)), rule doesn’t apply.  
- If signed (\( S \)), rule is satisfied regardless of \( D \).  

---

**Cards given:**  
- **Admitted** → This is \( \neg D \) (not Discharged). No need to check.  
- **Discharged** → This is \( D \). Must check other side for \( S \) (Doctor signed).  
- **Doctor signed** → This is \( S \). No need to check (even if patient was Discharged, rule is satisfied).  
- **No signature** → This is \( \neg S \). Must check other side for \( D \) (if Discharged, rule is violated).  

---

**Must turn over:** Discharged, No signature.  

ANSWER: Discharged, No signature","['Discharged', 'No signature']","['P', 'not_Q']",CORRECT,85,332,0
87,T88,4,870046,"If a patient is Discharged, a doctor must sign the Release.","Rule: ""If a patient is Discharged, a doctor must sign the Release.""
Cards: ['Admitted', 'Doctor signed', 'No signature', 'Discharged']

Which cards must you turn over?
Your answer:","['Admitted', 'Doctor signed', 'No signature', 'Discharged']","Let’s break this down.  

**Step 1: Understand the rule**  
Rule: *If a patient is Discharged, a doctor must sign the Release.*  
Logical form: If **Discharged** → **Doctor signed**.  

**Step 2: Identify logical components**  
- P = ""Patient is Discharged""  
- Q = ""Doctor signed the Release""  
Rule: P → Q  

**Step 3: Apply the Wason selection task principle**  
To check if the rule is violated, we look for:  
1. Cases where P is true but Q is false (Discharged but No signature).  
2. We do **not** need to check cases where P is false (not Discharged) — rule says nothing about them.  
3. We do **not** need to check cases where Q is true (Doctor signed) — rule doesn’t require signing only when discharged.  

**Step 4: Map cards to logical states**  
Cards:  
- 'Admitted' → P is false (not Discharged)  
- 'Doctor signed' → Q is true  
- 'No signature' → Q is false  
- 'Discharged' → P is true  

**Step 5: Which to turn over?**  
- **Discharged (P true)**: Must check if Q is true (Doctor signed). If not, rule broken.  
- **No signature (Q false)**: Must check if P is true (Discharged). If yes, rule broken.  
- Admitted (P false): No need to check — rule doesn’t apply.  
- Doctor signed (Q true): No need to check — rule not violated regardless of P.  

**Step 6: Conclusion**  
Must turn over: Discharged, No signature.  

ANSWER: Discharged, No signature","['Discharged', 'No signature']","['P', 'not_Q']",CORRECT,85,380,0
88,T89,0,880042,"If you use a Company car for Personal use, you must declare it.","Rule: ""If you use a Company car for Personal use, you must declare it.""
Cards: ['Not declared', 'Declared', 'Personal use', 'Business use']

Which cards must you turn over?
Your answer:","['Not declared', 'Declared', 'Personal use', 'Business use']","Let’s break this down step by step.  

**Rule:**  
If you use a Company car for Personal use → you must declare it.  
Logical form:  
If **P** (Personal use), then **D** (Declared).  

**Contrapositive:**  
If **not D** (Not declared), then **not P** (not Personal use → i.e., Business use).  

---

**Cards:**  
1. Not declared → corresponds to **not D**  
2. Declared → corresponds to **D**  
3. Personal use → corresponds to **P**  
4. Business use → corresponds to **not P**  

---

**Checking each card:**  
We need to see if the rule is being violated.  

- **Card 1: Not declared (¬D)**  
  Rule’s contrapositive says: if ¬D, then ¬P.  
  We must check the other side to ensure it’s not **P** (Personal use).  
  So we must turn this card to see if the other side says “Personal use” (which would break the rule).  

- **Card 2: Declared (D)**  
  Rule says: if P then D.  
  If D is true, that’s fine — P could be true or false, no violation.  
  So no need to turn.  

- **Card 3: Personal use (P)**  
  Rule says: if P then D.  
  We must check the other side to ensure it’s **D** (Declared).  
  So we must turn this card.  

- **Card 4: Business use (¬P)**  
  Rule says: if P then D.  
  If ¬P is true, rule is irrelevant (no requirement about D).  
  So no need to turn.  

---

**Cards to turn:**  
Card 1 (Not declared) and Card 3 (Personal use).  

---

ANSWER: Not declared, Personal use","['Not declared', 'Personal use']","['P', 'not_Q']",CORRECT,86,414,0
88,T89,1,880043,"If you use a Company car for Personal use, you must declare it.","Rule: ""If you use a Company car for Personal use, you must declare it.""
Cards: ['Business use', 'Declared', 'Not declared', 'Personal use']

Which cards must you turn over?
Your answer:","['Business use', 'Declared', 'Not declared', 'Personal use']","Let’s break this down step by step.  

**Rule:**  
""If you use a Company car for Personal use, you must declare it.""  
This is a conditional statement of the form:  
If **P** (Personal use), then **D** (Declared).  

**Logical form:**  
P → D  

**Contrapositive:**  
Not D → Not P  
(i.e., if not declared, then it must not be personal use).  

---

**Cards given:**  
1. **Business use** → This is ""Not P"" (not personal use).  
   - P → D says nothing about what happens when P is false.  
   - So no need to check this card for rule violation.  

2. **Declared** → This is ""D"".  
   - P → D does not require that if D is true, P must be true.  
   - Could be declared for other reasons (business use declared for records).  
   - So no need to check this card.  

3. **Not declared** → This is ""Not D"".  
   - From contrapositive: Not D → Not P.  
   - Must check that the other side is **not P** (i.e., not personal use).  
   - So must turn this card to see if it’s Personal use on the other side.  

4. **Personal use** → This is ""P"".  
   - If P is true, then D must be true.  
   - Must check that the other side is **Declared**.  
   - So must turn this card.  

---

**Cards to turn over:**  
- Personal use (to check if declared)  
- Not declared (to check if personal use)  

---

ANSWER: Personal use, Not declared","['Personal use', 'Not declared']","['P', 'not_Q']",CORRECT,86,368,0
88,T89,2,880044,"If you use a Company car for Personal use, you must declare it.","Rule: ""If you use a Company car for Personal use, you must declare it.""
Cards: ['Personal use', 'Not declared', 'Business use', 'Declared']

Which cards must you turn over?
Your answer:","['Personal use', 'Not declared', 'Business use', 'Declared']","Let’s break this down.  

The rule is:  
**If you use a Company car for Personal use, you must declare it.**  

In logical form:  
If **P** (Personal use), then **D** (Declared).  

We have four cards:  

1. **Personal use** → shows P is true.  
2. **Not declared** → shows D is false.  
3. **Business use** → shows P is false.  
4. **Declared** → shows D is true.  

We need to check for violations of the rule **P → D**.  
A violation occurs when **P is true and D is false**.  

So we must check:  
- Any card where **P is true** (to see if D is false on the other side).  
- Any card where **D is false** (to see if P is true on the other side).  

Cards:  

- **Personal use (P true)**: Must check other side to ensure it is **Declared (D true)**. If other side is ""Not declared"", that’s a violation. So **turn this card**.  
- **Not declared (D false)**: Must check other side to ensure it is **not P true**. If other side is ""Personal use"", that’s a violation. So **turn this card**.  
- **Business use (P false)**: Rule says nothing about when P is false; D could be true or false without violating P → D. So **do not turn**.  
- **Declared (D true)**: When D is true, P could be true or false; both satisfy P → D. So **do not turn**.  

Thus, must turn over: **Personal use** and **Not declared**.  

ANSWER: Personal use, Not declared","['Personal use', 'Not declared']","['P', 'not_Q']",CORRECT,86,375,0
88,T89,3,880045,"If you use a Company car for Personal use, you must declare it.","Rule: ""If you use a Company car for Personal use, you must declare it.""
Cards: ['Not declared', 'Declared', 'Business use', 'Personal use']

Which cards must you turn over?
Your answer:","['Not declared', 'Declared', 'Business use', 'Personal use']","Let’s break this down step by step.  

**Rule:**  
*If you use a Company car for Personal use, you must declare it.*  
This is a conditional statement:  
- **If P (Personal use), then Q (must declare it).**  
In logical terms: \( P \rightarrow Q \)  

**Cards given:**  
1. **Not declared** (¬Q)  
2. **Declared** (Q)  
3. **Business use** (¬P)  
4. **Personal use** (P)  

---

**Step 1 – Understanding what needs to be checked**  
For \( P \rightarrow Q \) to be true, we must ensure there is no case where \( P \) is true and \( Q \) is false.  
So we check:  
- **P true (Personal use)** → Must check that Q is true (Declared).  
- **Q false (Not declared)** → Must check that P is false (not Personal use).  

---

**Step 2 – Which cards to turn over**  
We turn over only cards that could violate the rule if the other side doesn’t match the rule’s requirement.  

1. **Card “Personal use” (P)** → Turn over to check if other side is “Declared” (Q). If other side is “Not declared,” rule is broken.  
2. **Card “Not declared” (¬Q)** → Turn over to check if other side is “Personal use” (P). If other side is “Personal use,” rule is broken.  

---

**Step 3 – Why not the others**  
- **Card “Declared” (Q)** → If other side is “Personal use” or “Business use,” rule is not broken (because rule only says *if Personal use then Declared*, not the converse).  
- **Card “Business use” (¬P)** → Rule doesn’t require anything when not Personal use, so no need to check.  

---

**Step 4 – Conclusion**  
Must turn over: **Personal use** and **Not declared**.  

ANSWER: Personal use, Not declared","['Personal use', 'Not declared']","['P', 'not_Q']",CORRECT,86,444,0
88,T89,4,880046,"If you use a Company car for Personal use, you must declare it.","Rule: ""If you use a Company car for Personal use, you must declare it.""
Cards: ['Not declared', 'Personal use', 'Business use', 'Declared']

Which cards must you turn over?
Your answer:","['Not declared', 'Personal use', 'Business use', 'Declared']","Let’s break this down.  

The rule is:  
**If you use a Company car for Personal use, you must declare it.**  

This is a conditional statement of the form:  
**If P, then Q**  
where:  
P = ""use a Company car for Personal use""  
Q = ""must declare it""  

---

**Step 1 – Identify what each card represents in terms of P and Q**  

Cards given:  
1. **Not declared** → This means declaration was not made → ¬Q (not Q)  
2. **Personal use** → This means P is true  
3. **Business use** → This means P is false (not personal use)  
4. **Declared** → This means Q is true  

---

**Step 2 – Determine which cards must be checked to test the rule**  

The rule ""If P then Q"" can be violated in only one way: **P is true and Q is false**.  
So to test the rule, we must check:  
- Any case where P is true (to ensure Q is true)  
- Any case where Q is false (to ensure P is false)  

---

**Step 3 – Apply to the cards**  

- **Not declared** (¬Q): Must check because if Q is false, we must verify P is false (i.e., not personal use).  
- **Personal use** (P): Must check because if P is true, we must verify Q is true (i.e., declared).  
- **Business use** (¬P): No need to check — rule says nothing about what happens when not P.  
- **Declared** (Q): No need to check — if Q is true, rule is satisfied regardless of P.  

---

**Step 4 – Conclusion**  

Cards to turn over: **Not declared** and **Personal use**.  

---

ANSWER: Not declared, Personal use","['Not declared', 'Personal use']","['P', 'not_Q']",CORRECT,86,401,0
89,T90,0,890042,"If an inspector finds a Safety violation, work must Stop.","Rule: ""If an inspector finds a Safety violation, work must Stop.""
Cards: ['Clean site', 'Safety violation', 'Work stops', 'Work continues']

Which cards must you turn over?
Your answer:","['Clean site', 'Safety violation', 'Work stops', 'Work continues']","Let’s break this down.  

The rule is:  
> If an inspector finds a Safety violation, work must Stop.  

In logical terms:  
- If **Safety violation** (P), then **Work stops** (Q).  
- Contrapositive: If **not Work stops** (not Q), then **not Safety violation** (not P).  

We have four cards:  

1. **Clean site** → This means no safety violation (not P).  
   - Rule says nothing about what happens if not P, so no need to check.  

2. **Safety violation** → This is P.  
   - Must check the other side to see if Q (Work stops) is true.  

3. **Work stops** → This is Q.  
   - If Q is true, rule doesn’t require P to be true (could be other reasons), so no need to check.  

4. **Work continues** → This is **not Q**.  
   - Contrapositive says if not Q, then not P. Must check other side to ensure there’s no Safety violation.  

So we must turn over:  
- **Safety violation** (to check if work stops)  
- **Work continues** (to check there’s no safety violation)  

ANSWER: Safety violation, Work continues","['Safety violation', 'Work continues']","['P', 'not_Q']",CORRECT,83,273,0
89,T90,1,890043,"If an inspector finds a Safety violation, work must Stop.","Rule: ""If an inspector finds a Safety violation, work must Stop.""
Cards: ['Work stops', 'Work continues', 'Clean site', 'Safety violation']

Which cards must you turn over?
Your answer:","['Work stops', 'Work continues', 'Clean site', 'Safety violation']","Let’s break this down.  

The rule is:  
> If an inspector finds a Safety violation, work must Stop.  

In logical terms:  
- If **Safety violation** (P), then **Work stops** (Q).  
- Contrapositive: If **not Work stops** (not Q), then **not Safety violation** (not P).  

We have four cards:  

1. **Work stops** → This is Q (the consequent).  
   - If Q is true, the rule tells us nothing about P. No need to check.  

2. **Work continues** → This is **not Q** (negation of consequent).  
   - From contrapositive: If not Q, then not P. So we must check this card to ensure there is **no Safety violation** on the other side.  

3. **Clean site** → This is unrelated to P or Q in the rule.  
   - The rule only links Safety violation and Work stops. Clean site doesn’t affect the rule. No need to check.  

4. **Safety violation** → This is P (the antecedent).  
   - If P is true, Q must be true. So we must check this card to ensure the other side says **Work stops**.  

So we must turn over:  
- **Work continues** (to ensure no Safety violation)  
- **Safety violation** (to ensure Work stops)  

ANSWER: Work continues, Safety violation","['Work continues', 'Safety violation']","['P', 'not_Q']",CORRECT,83,301,0
89,T90,2,890044,"If an inspector finds a Safety violation, work must Stop.","Rule: ""If an inspector finds a Safety violation, work must Stop.""
Cards: ['Work continues', 'Work stops', 'Clean site', 'Safety violation']

Which cards must you turn over?
Your answer:","['Work continues', 'Work stops', 'Clean site', 'Safety violation']","Let’s break it down carefully.  

The rule: ""If an inspector finds a Safety violation, work must Stop.""  
In logic terms:  
- If **Safety violation** (P), then **Work stops** (Q).  
That’s: **P → Q**.

The contrapositive: If work does not stop (not Q), then there was no safety violation (not P).  

We want to check possible violations of the rule.  
A violation of **P → Q** occurs if we have **P true** and **Q false** (i.e., Safety violation but Work does not stop).  

Cards shown:  
1. **Work continues** → This means “not Q” (work does not stop).  
   - To violate the rule, we would need P true with this card.  
   - If this card’s other side had “Safety violation,” rule would be violated.  
   So we must check this card.  

2. **Work stops** → This means Q true.  
   - Rule says if P true then Q true. If Q is already true, no violation regardless of P.  
   - So this card is irrelevant to verifying the rule (doesn’t test antecedent).  

3. **Clean site** → This is irrelevant to P (“Safety violation”) or Q (“Work stops”).  
   - Rule only involves Safety violation and Work stopping. “Clean site” is unrelated.  
   - No need to check.  

4. **Safety violation** → This means P true.  
   - Must verify that Q is true (Work stops) on the other side.  
   - So this card must be checked.  

Thus, to ensure no rule violation, turn over:  
- **Safety violation** (P) → to check if Work stops.  
- **Work continues** (not Q) → to check if no Safety violation.  

ANSWER: Safety violation, Work continues","['Safety violation', 'Work continues']","['P', 'not_Q']",CORRECT,83,398,0
89,T90,3,890045,"If an inspector finds a Safety violation, work must Stop.","Rule: ""If an inspector finds a Safety violation, work must Stop.""
Cards: ['Safety violation', 'Work continues', 'Clean site', 'Work stops']

Which cards must you turn over?
Your answer:","['Safety violation', 'Work continues', 'Clean site', 'Work stops']","Let’s break this down.  

The rule is:  
**If an inspector finds a Safety violation, work must Stop.**  
This is a conditional statement of the form:  
If **P** (Safety violation), then **Q** (Work stops).  

Logically, to check if the rule is being violated, we need to test:  
1. **P true and Q false** — that’s the only violation case.  

So we must turn over any card that could possibly be a case of **P true and Q false**.  

---

**Cards given:**  

1. **Safety violation** → This is **P true**.  
   - If we don’t check the other side, maybe **Q** is false (work not stopped).  
   - Must turn over to check if **Q** is true on the other side.  

2. **Work continues** → This is **Q false**.  
   - If we don’t check the other side, maybe **P** is true (safety violation) on the other side, which would be a violation.  
   - Must turn over to check if **P** is true.  

3. **Clean site** → This is **not P** (no safety violation).  
   - Rule says nothing about what happens if not P. Even if Q is false, it’s fine.  
   - No need to turn over.  

4. **Work stops** → This is **Q true**.  
   - If P is true on the other side, rule is followed.  
   - If P is false on the other side, rule is not broken (because rule only requires that if P then Q, not that Q only if P).  
   - So no need to turn over.  

---

**Must turn over:** Safety violation, Work continues.  

ANSWER: Safety violation, Work continues","['Safety violation', 'Work continues']","['P', 'not_Q']",CORRECT,83,387,0
89,T90,4,890046,"If an inspector finds a Safety violation, work must Stop.","Rule: ""If an inspector finds a Safety violation, work must Stop.""
Cards: ['Work continues', 'Work stops', 'Safety violation', 'Clean site']

Which cards must you turn over?
Your answer:","['Work continues', 'Work stops', 'Safety violation', 'Clean site']","Let’s break this down.  

The rule is:  
**If an inspector finds a Safety violation, work must Stop.**  
This is a conditional statement:  
If **Safety violation** → then **Work stops**.  

In logical terms:  
Let \( P \) = ""Safety violation""  
Let \( Q \) = ""Work stops""  
Rule: \( P \rightarrow Q \)  

To check violations of this rule, we need to find cases where \( P \) is true but \( Q \) is false.  
That means we must turn over any card that could possibly be a case of \( P \land \lnot Q \).  

---

**Cards given:**  
1. **Work continues** → This is \(\lnot Q\) (work does not stop).  
   If this card has **Safety violation** on the other side, that would break the rule (\(P\) true, \(Q\) false).  
   So we must check this card.  

2. **Work stops** → This is \(Q\).  
   If this card has **Safety violation** on the other side, that’s fine (\(P\) true, \(Q\) true).  
   If it has **no Safety violation** on the other side, that’s also fine (rule only says what happens if safety violation occurs; it doesn’t forbid work stopping for other reasons).  
   So no need to check this card.  

3. **Safety violation** → This is \(P\).  
   If this card has **Work continues** on the other side, that breaks the rule.  
   So we must check this card.  

4. **Clean site** → This is \(\lnot P\) (no safety violation).  
   Rule doesn’t say what happens if no safety violation; work could stop or continue.  
   So no need to check this card.  

---

**Cards to turn over:**  
- Work continues (to ensure no Safety violation on back)  
- Safety violation (to ensure Work stops on back)  

---

ANSWER: Work continues, Safety violation","['Work continues', 'Safety violation']","['P', 'not_Q']",CORRECT,83,426,0
90,T91,0,900042,"If you witness an Accident, you must report it to Authorities.","Rule: ""If you witness an Accident, you must report it to Authorities.""
Cards: ['Reports it', 'Hears about it', 'Does not report', 'Witnesses accident']

Which cards must you turn over?
Your answer:","['Reports it', 'Hears about it', 'Does not report', 'Witnesses accident']","Let’s break this down.  

The rule is:  
**If you witness an Accident, you must report it to Authorities.**  

In logical form:  
If **Witnesses accident** → **must report it**.  

Contrapositive:  
If **does not report** → **did not witness accident**.  

We need to check for violations of the rule.  
A violation occurs when someone **witnesses accident** but **does not report it**.  

---

**Cards given:**  
1. **Reports it** → This is the consequent (reporting). No need to check, because rule only says witnessing requires reporting, not that reporting requires witnessing.  
2. **Hears about it** → Not mentioned in rule, so irrelevant.  
3. **Does not report** → Could be violating if they witnessed accident. Must check if they witnessed accident.  
4. **Witnesses accident** → Must check if they reported it.  

---

**Which to turn over:**  
- **Witnesses accident** → must check other side for “Reports it” or not.  
- **Does not report** → must check other side for “Witnesses accident” or not.  

The others:  
- “Reports it” → no need to check (even if they didn’t witness, no violation).  
- “Hears about it” → no need to check (rule doesn’t mention hearing).  

---

ANSWER: Witnesses accident, Does not report","['Witnesses accident', 'Does not report']","['P', 'not_Q']",CORRECT,89,305,0
90,T91,1,900043,"If you witness an Accident, you must report it to Authorities.","Rule: ""If you witness an Accident, you must report it to Authorities.""
Cards: ['Reports it', 'Witnesses accident', 'Hears about it', 'Does not report']

Which cards must you turn over?
Your answer:","['Reports it', 'Witnesses accident', 'Hears about it', 'Does not report']","Let’s break this down.  

The rule is:  
**If you witness an Accident, you must report it to Authorities.**  

In logical terms:  
- Let \( P \) = ""witness an accident""  
- Let \( Q \) = ""report it""  

Rule: \( P \rightarrow Q \) (If P, then Q)  

To check violations of \( P \rightarrow Q \), we look for:  
1. **Cases where \( P \) is true but \( Q \) is false** (witnessed accident but did not report).  
2. We do **not** need to check cases where \( P \) is false (did not witness accident) — rule says nothing about them.  

---

**Cards given:**  

1. **""Reports it""** → This means \( Q \) is true.  
   - \( P \) could be true or false, but \( Q \) is true, so no violation possible regardless of \( P \).  
   - **Do not need to turn** (because \( P \rightarrow Q \) is satisfied when \( Q \) is true).  

2. **""Witnesses accident""** → This means \( P \) is true.  
   - Must check \( Q \): if \( Q \) is false, that violates the rule.  
   - **Must turn** to see if other side says ""does not report"".  

3. **""Hears about it""** → This means \( P \) is false (did not witness).  
   - Rule does not require anything when \( P \) is false.  
   - **Do not need to turn** (no violation possible).  

4. **""Does not report""** → This means \( Q \) is false.  
   - If \( Q \) is false, rule is violated only if \( P \) is true.  
   - So must check if \( P \) is true (witnessed accident).  
   - **Must turn** to see if other side says ""witnesses accident"".  

---

**Cards to turn over:**  
- ""Witnesses accident""  
- ""Does not report""  

---

ANSWER: Witnesses accident, Does not report","['Witnesses accident', 'Does not report']","['P', 'not_Q']",CORRECT,89,452,0
90,T91,2,900044,"If you witness an Accident, you must report it to Authorities.","Rule: ""If you witness an Accident, you must report it to Authorities.""
Cards: ['Does not report', 'Witnesses accident', 'Hears about it', 'Reports it']

Which cards must you turn over?
Your answer:","['Does not report', 'Witnesses accident', 'Hears about it', 'Reports it']","Let’s break this down.  

The rule is:  
**If you witness an Accident, you must report it to Authorities.**  

In logical form:  
If **Witnesses accident** → **must report it**.  

This is a conditional statement:  
P = ""Witnesses accident""  
Q = ""Reports it""  

Rule: P → Q  

To check violations, we need to find cases where P is true but Q is false.  
That means we must turn over any card where we need to verify:  

1. **P true (Witnesses accident)** → check if Q is true (Reports it).  
   If Q is false, rule is broken.  

2. **Q false (Does not report)** → check if P is true (Witnesses accident).  
   If P is true, rule is broken.  

Other cases:  
- P false (does not witness accident) → rule says nothing about reporting or not, so no violation regardless of Q.  
- Q true (Reports it) → rule doesn’t require reporting only if witnessed, so no violation regardless of P.  

---

**Cards given:**  

1. **Does not report** → This is **not Q** (Q false). Must check if P is true (Witnesses accident). → **Must turn over**.  

2. **Witnesses accident** → This is **P true**. Must check if Q is true (Reports it). → **Must turn over**.  

3. **Hears about it** → This is **P false** (not ""witnesses accident""). Rule doesn’t require anything, so no need to check. → **Do not turn over**.  

4. **Reports it** → This is **Q true**. No violation possible regardless of P. → **Do not turn over**.  

---

**Must turn over:** ""Does not report"" and ""Witnesses accident"".  

ANSWER: Does not report, Witnesses accident","['Does not report', 'Witnesses accident']","['P', 'not_Q']",CORRECT,89,409,0
90,T91,3,900045,"If you witness an Accident, you must report it to Authorities.","Rule: ""If you witness an Accident, you must report it to Authorities.""
Cards: ['Reports it', 'Does not report', 'Hears about it', 'Witnesses accident']

Which cards must you turn over?
Your answer:","['Reports it', 'Does not report', 'Hears about it', 'Witnesses accident']","Let’s break this down.  

The rule is:  
> If you witness an Accident, you must report it to Authorities.  

In logical form:  
If **Witness accident** (P), then **Report it** (Q).  

We are checking for violations of this rule.  
A violation occurs when someone **witnesses an accident** (P true) but **does not report it** (Q false).  

So we need to check:  
1. **P true** cards → must ensure Q is true → check the “Witnesses accident” card.  
2. **Q false** cards → must ensure P is false → check the “Does not report” card.  

Other cards:  
- “Reports it” → Q true → no need to check, because rule only says if P then Q, not the converse.  
- “Hears about it” → not P (didn’t witness) → rule doesn’t apply, so no need to check.  

Thus, the cards to turn over are:  
**Witnesses accident** (to see if they reported it)  
**Does not report** (to see if they witnessed the accident)  

ANSWER: Witnesses accident, Does not report","['Witnesses accident', 'Does not report']","['P', 'not_Q']",CORRECT,89,258,0
90,T91,4,900046,"If you witness an Accident, you must report it to Authorities.","Rule: ""If you witness an Accident, you must report it to Authorities.""
Cards: ['Hears about it', 'Does not report', 'Witnesses accident', 'Reports it']

Which cards must you turn over?
Your answer:","['Hears about it', 'Does not report', 'Witnesses accident', 'Reports it']","Let’s break this down.  

The rule is:  
**If you witness an Accident, you must report it to Authorities.**  

In logical terms:  
Let \( W \) = ""Witnesses accident""  
Let \( R \) = ""Reports it""  

Rule: \( W \rightarrow R \)  
Contrapositive: \( \neg R \rightarrow \neg W \)  

We need to check cards for violations.  
A violation occurs when \( W \) is true but \( R \) is false.  

---

**Cards given:**  
1. **Hears about it** → This is not \( W \) (witnessing), so no need to check unless we suspect contrapositive? Actually, for \( W \rightarrow R \), we only need to check cards where \( W \) is true (to see if \( R \) is false) and cards where \( R \) is false (to see if \( W \) is true).  

2. **Does not report** → This is \( \neg R \). We must check this card to see if the person witnessed the accident (if yes, violation).  

3. **Witnesses accident** → This is \( W \). We must check this card to see if they reported it (if not, violation).  

4. **Reports it** → This is \( R \). No need to check because \( W \rightarrow R \) is not violated if \( R \) is true regardless of \( W \).  

---

**Which cards must be turned over?**  
- **Witnesses accident** (to ensure they reported it)  
- **Does not report** (to ensure they did not witness it)  

The other two:  
- **Hears about it** → irrelevant to rule (could witness or not, but ""hears"" is not ""witnesses"" in logical antecedent)  
- **Reports it** → irrelevant to rule (no violation possible)  

---

ANSWER: Witnesses accident, Does not report","['Witnesses accident', 'Does not report']","['P', 'not_Q']",CORRECT,89,409,0
91,T92,0,910042,"If a gun is Stored at home, it must be in a Locked safe.","Rule: ""If a gun is Stored at home, it must be in a Locked safe.""
Cards: ['Unsecured', 'No gun', 'Locked safe', 'Gun at home']

Which cards must you turn over?
Your answer:","['Unsecured', 'No gun', 'Locked safe', 'Gun at home']","Let’s break this down.  

**Rule:**  
""If a gun is Stored at home, it must be in a Locked safe.""  
Logical form:  
If **P** (gun stored at home) → then **Q** (in a locked safe).  
Contrapositive: If not **Q** (not in a locked safe) → then not **P** (no gun stored at home).  

We need to check only cards that could violate the rule.  

---

**Cards:**  
1. **Unsecured** → This means ""not in a locked safe"" (¬Q).  
   To violate the rule, this card would need to have ""gun stored at home"" on the other side.  
   Must check this card.  

2. **No gun** → This means ""not P"" (no gun stored at home).  
   Rule says nothing about what happens if there’s no gun. Could be in a locked safe or not — no violation.  
   Do **not** need to check.  

3. **Locked safe** → This means ""Q"" (in a locked safe).  
   Rule: If P → Q. Finding Q true doesn’t tell us if P is true or false; P could be false and still Q true without breaking rule.  
   Do **not** need to check.  

4. **Gun at home** → This means ""P"" (gun stored at home).  
   To satisfy rule, this must be paired with Q (in a locked safe).  
   If other side is not ""locked safe"", rule is broken.  
   Must check this card.  

---

**Must turn over:**  
- Unsecured (to ensure no gun stored at home on other side)  
- Gun at home (to ensure it is in a locked safe)  

---

ANSWER: Unsecured, Gun at home","['Unsecured', 'Gun at home']","['P', 'not_Q']",CORRECT,92,389,0
91,T92,1,910043,"If a gun is Stored at home, it must be in a Locked safe.","Rule: ""If a gun is Stored at home, it must be in a Locked safe.""
Cards: ['Gun at home', 'Unsecured', 'Locked safe', 'No gun']

Which cards must you turn over?
Your answer:","['Gun at home', 'Unsecured', 'Locked safe', 'No gun']","Let’s break this down.  

**Rule:**  
""If a gun is stored at home, it must be in a locked safe.""  
This is a conditional statement:  
- If **P** (gun stored at home) → then **Q** (in a locked safe).  

Logically, this is equivalent to:  
It cannot be the case that P is true and Q is false.  

**Cards given:**  
1. **Gun at home** → This is **P true**. We must check Q (must be in locked safe). If Q is false, rule is broken. So we must turn this card to check the other side.  
2. **Unsecured** → This means ""not in a locked safe"" → **Q false**. We must check P (gun stored at home). If P is true, rule is broken. So we must turn this card.  
3. **Locked safe** → This is **Q true**. If Q is true, rule is satisfied regardless of P (because P → Q is not violated when Q is true). So no need to turn.  
4. **No gun** → This is **P false**. If P is false, rule is satisfied regardless of Q. So no need to turn.  

**Conclusion:**  
Must turn: **Gun at home** (P true) and **Unsecured** (Q false).  

ANSWER: Gun at home, Unsecured","['Gun at home', 'Unsecured']","['P', 'not_Q']",CORRECT,92,297,0
91,T92,2,910044,"If a gun is Stored at home, it must be in a Locked safe.","Rule: ""If a gun is Stored at home, it must be in a Locked safe.""
Cards: ['No gun', 'Gun at home', 'Unsecured', 'Locked safe']

Which cards must you turn over?
Your answer:","['No gun', 'Gun at home', 'Unsecured', 'Locked safe']","Let’s break down the problem.

**Step 1 – Understand the rule.**  
Rule: ""If a gun is Stored at home, it must be in a Locked safe.""  
Logical form:  
- ""Stored at home"" → ""Locked safe""  
- Equivalent to: If ""Gun at home"" is true, then ""Locked safe"" must be true.

**Step 2 – Identify what needs to be checked (logically).**  
For a conditional statement P → Q:  
- To verify the rule, we must check cases where P is true (to see if Q is also true).  
- Also, we must check cases where Q is false (to see if P is false — because if Q is false but P is true, the rule is violated).  
So we must check:  
1. Cards where P = ""Gun at home"" is true (to ensure Q = ""Locked safe"" is true).  
2. Cards where Q = ""Locked safe"" is false (to ensure P = ""Gun at home"" is false).

**Step 3 – Match each card to P or Q status.**

Cards:  
- ‘No gun’ → This means P is false (gun not at home). No need to check it for confirming rule? Actually, if P is false, the rule is automatically satisfied (conditional is not violated). So we don’t need to turn it over.  
- ‘Gun at home’ → This means P is true. Must check the other side to ensure Q = ""Locked safe"". Must turn over.  
- ‘Unsecured’ → ‘Unsecured’ means not locked safe → Q is false. Must check to ensure P is false (i.e., gun not stored at home). Must turn over.  
- ‘Locked safe’ → This means Q is true. If Q is true, rule could be satisfied regardless of P. No need to turn over, because P could be true or false without violating rule.

**Step 4 – Conclusion.**  
Cards to turn over:  
1. ‘Gun at home’ (P true → must check Q).  
2. ‘Unsecured’ (Q false → must check P).  

**Final answer:**  
ANSWER: Gun at home, Unsecured","['Gun at home', 'Unsecured']","['P', 'not_Q']",CORRECT,92,477,0
91,T92,3,910045,"If a gun is Stored at home, it must be in a Locked safe.","Rule: ""If a gun is Stored at home, it must be in a Locked safe.""
Cards: ['No gun', 'Locked safe', 'Gun at home', 'Unsecured']

Which cards must you turn over?
Your answer:","['No gun', 'Locked safe', 'Gun at home', 'Unsecured']","Let’s break this down step by step.  

**Rule:**  
""If a gun is Stored at home, it must be in a Locked safe.""  
This is a conditional statement of the form:  
If **P** (gun stored at home), then **Q** (it is in a locked safe).  

In logical terms:  
P → Q  

**Cards:**  
1. ""No gun"" — This means there is no gun at home. That is **not P**.  
2. ""Locked safe"" — This means the safe is locked. That is **Q**.  
3. ""Gun at home"" — This means a gun is stored at home. That is **P**.  
4. ""Unsecured"" — This means the safe is not locked. That is **not Q**.  

---

**Checking for violations:**  
A violation of P → Q occurs when **P is true and Q is false**.  
So we must check any card that could possibly show **P true and Q false**.  

- **Card 1: ""No gun"" (¬P)**  
  This cannot violate the rule because if there’s no gun at home, the rule doesn’t apply. No need to check.  

- **Card -2: ""Locked safe"" (Q)**  
  This shows Q is true. Even if P were true, Q is true, so no violation. But we don’t know P from this card alone — we’d need to check the other side to see if there’s a gun at home. However, if the other side says “gun at home,” then Q is true, so rule is satisfied. So this card doesn’t need to be turned for violation detection.  

- **Card 3: ""Gun at home"" (P)**  
  This is P true. To see if rule is violated, we must check the other side to see if Q is false (i.e., not in a locked safe). **Must turn this card.**  

- **Card 4: ""Unsecured"" (¬Q)**  
  This is Q false. To see if rule is violated, we must check the other side to see if P is true (gun stored at home). **Must turn this card.**  

---

**Conclusion:**  
We must turn over ""Gun at home"" and ""Unsecured"" to check for violations of the rule.  

ANSWER: Gun at home, Unsecured","['Gun at home', 'Unsecured']","['P', 'not_Q']",CORRECT,92,511,0
91,T92,4,910046,"If a gun is Stored at home, it must be in a Locked safe.","Rule: ""If a gun is Stored at home, it must be in a Locked safe.""
Cards: ['Locked safe', 'Unsecured', 'Gun at home', 'No gun']

Which cards must you turn over?
Your answer:","['Locked safe', 'Unsecured', 'Gun at home', 'No gun']","Let’s break this down.  

**Step 1 – Restate the rule in logical form**  
Rule: ""If a gun is Stored at home, it must be in a Locked safe.""  
Let:  
- P = ""Gun is stored at home""  
- Q = ""Gun is in a locked safe""  

Rule: If P, then Q. (P → Q)  

**Step 2 – Identify what each card represents**  
Cards:  
1. **Locked safe** → This means ""Gun is in a locked safe"" → This is Q.  
2. **Unsecured** → This means ""Gun is not in a locked safe"" → This is ¬Q.  
3. **Gun at home** → This means ""Gun is stored at home"" → This is P.  
4. **No gun** → This means ""Gun is not stored at home"" → This is ¬P.  

**Step 3 – Determine which cards must be checked for rule violation**  
For a conditional statement P → Q, the only way it can be false is if P is true and Q is false.  
So we must check:  
- Any card where P is true (Gun at home) → must verify Q is true (Locked safe).  
- Any card where Q is false (Unsecured) → must verify P is false (No gun).  

Cards to turn over:  
1. **Gun at home** (P) → Must check if Q is true (but we can’t see the other side; turning this card tells us if it’s in a locked safe or not).  
2. **Unsecured** (¬Q) → Must check if P is true (i.e., if there’s a gun at home).  

**Step 4 – Eliminate unnecessary cards**  
- **Locked safe** (Q) → If Q is true, rule is satisfied regardless of P. No need to check.  
- **No gun** (¬P) → If P is false, rule is vacuously true. No need to check.  

**Step 5 – Conclusion**  
Must turn over: **Gun at home** and **Unsecured**.  

ANSWER: Gun at home, Unsecured","['Gun at home', 'Unsecured']","['P', 'not_Q']",CORRECT,92,478,0
92,T93,0,920042,"If you are Under oath, you must tell the Truth.","Rule: ""If you are Under oath, you must tell the Truth.""
Cards: ['Can mislead', 'Not sworn in', 'Under oath', 'Tells truth']

Which cards must you turn over?
Your answer:","['Can mislead', 'Not sworn in', 'Under oath', 'Tells truth']","Let’s break this down.  

The rule is:  
**If you are Under oath, you must tell the Truth.**  
This is a conditional statement of the form:  
If P (Under oath), then Q (Tells truth).  

To test whether the rule is being followed, we need to check for violations.  
A violation occurs when P is true and Q is false.  
So we must check:  
1. **Cards where P is true** → to make sure Q is also true.  
2. **Cards where Q is false** → to make sure P is not true.  

We don’t need to check cases where P is false (rule doesn’t apply) or where Q is true (no violation possible).  

---

**Cards given:**  
- **Can mislead** → This means “does not tell the truth” (Q false).  
- **Not sworn in** → This means “not under oath” (P false).  
- **Under oath** → This means P is true.  
- **Tells truth** → This means Q is true.  

---

**Step-by-step check:**  
- **Under oath (P true)** → Must check that Q is true. So turn this card to see if “Tells truth” is on the other side.  
- **Tells truth (Q true)** → No need to turn, because even if P is false, rule is not violated.  
- **Not sworn in (P false)** → No need to turn, rule doesn’t apply.  
- **Can mislead (Q false)** → Must check that P is false (i.e., not Under oath). So turn this card to see if “Under oath” is on the other side.  

---

**Cards to turn over:**  
1. Under oath  
2. Can mislead  

---

ANSWER: Under oath, Can mislead","['Under oath', 'Can mislead']","['P', 'not_Q']",CORRECT,86,392,0
92,T93,1,920043,"If you are Under oath, you must tell the Truth.","Rule: ""If you are Under oath, you must tell the Truth.""
Cards: ['Not sworn in', 'Can mislead', 'Under oath', 'Tells truth']

Which cards must you turn over?
Your answer:","['Not sworn in', 'Can mislead', 'Under oath', 'Tells truth']","Let’s break this down.  

The rule is:  
**""If you are Under oath, you must tell the Truth.""**  

This is a conditional statement of the form:  
**If P, then Q**  
where:  
P = ""Under oath""  
Q = ""Tells truth""  

In a ""Wason selection task"" style, we have four cards showing:  

1. **Not sworn in** → This is **not P** (¬P)  
2. **Can mislead** → This is **not Q** (¬Q)  
3. **Under oath** → This is **P**  
4. **Tells truth** → This is **Q**  

We need to check only cards that could violate the rule.  
The rule is violated only if **P is true and Q is false**.  

So we must check:  
- Any **P card** (to make sure Q is true on the other side) → Card 3: ""Under oath""  
- Any **not Q card** (to make sure P is false on the other side) → Card 2: ""Can mislead""  

We do **not** need to check:  
- ""Not sworn in"" (¬P) → rule says nothing about what happens if not under oath.  
- ""Tells truth"" (Q) → if Q is true, rule is satisfied regardless of P.  

**Cards to turn over:** ""Under oath"" and ""Can mislead"".  

ANSWER: Under oath, Can mislead","['Under oath', 'Can mislead']","['P', 'not_Q']",CORRECT,86,322,0
92,T93,2,920044,"If you are Under oath, you must tell the Truth.","Rule: ""If you are Under oath, you must tell the Truth.""
Cards: ['Not sworn in', 'Can mislead', 'Tells truth', 'Under oath']

Which cards must you turn over?
Your answer:","['Not sworn in', 'Can mislead', 'Tells truth', 'Under oath']","Let’s break down the rule and cards step by step.

Rule: ""If you are Under oath, you must tell the Truth.""
- This is a conditional statement: **If P (Under oath), then Q (tell the Truth)**.
- In logic, to check if the rule is being followed, we need to test for violations. Violations occur when P is true but Q is false.

So we must verify two main types of cards:
1. Cards where **P is true (Under oath)** — we must check that Q is also true (tells truth). If Q is false, the rule is broken.
2. Cards where **Q is false (not telling the truth)** — but note: if Q is false and P is true, that's a violation, but if Q is false and P is false, the rule is not violated. However, in standard logical checking of ""If P then Q"", we only need to turn over:
   - Cards with P (to see if Q holds)
   - Cards with not-Q (to see if P holds). That’s because if not-Q is true and P is true, it violates.

Now the cards:
- 'Not sworn in' → This means ""not under oath"" (not P).
- 'Can mislead' → This means ""does not tell the truth"" (not Q).
- 'Tells truth' → This means ""tells the truth"" (Q).
- 'Under oath' → This means ""under oath"" (P).

According to the standard Wason selection task logic for ""If P then Q"":
- Check **P cards** to ensure Q is true. So turn over 'Under oath' to see if it says 'Tells truth' on the other side (or check if it doesn’t say 'Can mislead').
- Check **not-Q cards** to ensure P is false. So turn over 'Can mislead' to see if it says 'Under oath' on the other side. If it does, then 'Under oath' + 'Can mislead' violates the rule.

Cards that do not need to be turned over:
- 'Not sworn in' (not P) — even if Q is false or true, the rule isn’t violated because P is false.
- 'Tells truth' (Q) — even if P is true or false, the rule isn’t violated because Q is true when P is true, and when P is false it’s irrelevant.

Therefore, the cards we must turn over are:
- 'Under oath' (P)
- 'Can mislead' (not-Q)

ANSWER: Under oath, Can mislead","['Under oath', 'Can mislead']","['P', 'not_Q']",CORRECT,86,550,0
92,T93,3,920045,"If you are Under oath, you must tell the Truth.","Rule: ""If you are Under oath, you must tell the Truth.""
Cards: ['Can mislead', 'Not sworn in', 'Tells truth', 'Under oath']

Which cards must you turn over?
Your answer:","['Can mislead', 'Not sworn in', 'Tells truth', 'Under oath']","Let’s break this down.  

The rule is:  
**If you are Under oath, you must tell the Truth.**  

In logic terms:  
- If **Under oath** → **must tell the Truth**.  
- Contrapositive: If **not telling the Truth** → **not Under oath**.  

We have four cards:  
1. **Can mislead** → This means not necessarily telling the truth (could be lying or misleading).  
2. **Not sworn in** → This means not under oath.  
3. **Tells truth** → This means telling the truth.  
4. **Under oath** → This means under oath.  

We check each card to see if we need to turn it over to test the rule:  

**Rule check:** We only need to turn over cards that could violate the rule if the other side doesn’t match.  

- **Card ""Under oath""**:  
  We must check the other side to ensure it says ""Tells truth"". If it doesn’t, the rule is broken.  
  → **Must turn over**.  

- **Card ""Tells truth""**:  
  This card’s visible side is ""Tells truth"". The rule says: If under oath → tell truth.  
  But ""Tells truth"" doesn’t tell us whether they are under oath or not — they could be telling truth without being under oath, which doesn’t violate the rule.  
  → **No need to turn over**.  

- **Card ""Can mislead""**:  
  ""Can mislead"" means possibly not telling the truth.  
  The contrapositive says: If not telling truth → not under oath.  
  So we must check the other side to ensure it is **not** ""Under oath"". If it is ""Under oath"", rule is broken.  
  → **Must turn over**.  

- **Card ""Not sworn in""**:  
  This means not under oath. The rule only applies if under oath, so if not under oath, rule doesn’t constrain truth-telling.  
  → **No need to turn over**.  

So the cards to turn over are: **Under oath** and **Can mislead**.  

ANSWER: Under oath, Can mislead","['Under oath', 'Can mislead']","['P', 'not_Q']",CORRECT,86,468,0
92,T93,4,920046,"If you are Under oath, you must tell the Truth.","Rule: ""If you are Under oath, you must tell the Truth.""
Cards: ['Can mislead', 'Under oath', 'Tells truth', 'Not sworn in']

Which cards must you turn over?
Your answer:","['Can mislead', 'Under oath', 'Tells truth', 'Not sworn in']","Let’s break this down.  

The rule is:  
**If you are Under oath, you must tell the Truth.**  

This is a conditional statement of the form:  
If **P** (Under oath), then **Q** (must tell the Truth).  

In logic, to check if the rule is being followed, we need to test for violations.  
A violation occurs when **P is true and Q is false**.  

So we must turn over:  
1. Any card where **P is true** (to check that Q is also true).  
2. Any card where **Q is false** (to check that P is not true).  

---

**Cards:**  
- **Can mislead** → This means “not telling the truth” (Q is false). Must check if P is true (Under oath).  
- **Under oath** → P is true. Must check if Q is true (Tells truth).  
- **Tells truth** → Q is true. No need to check because if Q is true, rule is satisfied regardless of P.  
- **Not sworn in** → P is false. No need to check because if P is false, rule is irrelevant.  

---

**Must turn over:**  
1. **Under oath** (to verify it says “Tells truth” on other side).  
2. **Can mislead** (to verify it says “Not sworn in” on other side).  

---

ANSWER: Under oath, Can mislead","['Under oath', 'Can mislead']","['P', 'not_Q']",CORRECT,86,310,0
93,T94,0,930042,"If a business Closes permanently, it must notify its Employees.","Rule: ""If a business Closes permanently, it must notify its Employees.""
Cards: ['Notified employees', 'Permanent closure', 'Temporary closure', 'No notice']

Which cards must you turn over?
Your answer:","['Notified employees', 'Permanent closure', 'Temporary closure', 'No notice']","Let’s break this down.  

The rule is:  
> If a business **closes permanently**, it must **notify its employees**.  

In logical terms:  
- Let \( P \) = ""business closes permanently""  
- Let \( Q \) = ""business notifies its employees""  

Rule: \( P \rightarrow Q \) (If P, then Q)  

To check violations of \( P \rightarrow Q \), we look for:  
1. **Cases where P is true but Q is false** — i.e., permanent closure but no notice.  
2. We do **not** need to check cases where P is false (not permanent closure) — rule says nothing about those.  

---

**Cards given:**  
1. **Notified employees** → This is \( Q \) true.  
   - If \( Q \) is true, \( P \rightarrow Q \) is automatically satisfied regardless of \( P \).  
   - No need to check this card for violation.  

2. **Permanent closure** → This is \( P \) true.  
   - Must check the other side (notification status). If notification is false, rule is broken.  
   - So must turn this card to check.  

3. **Temporary closure** → This is \( P \) false.  
   - Rule does not require notification in this case, so no violation possible.  
   - Do not need to check.  

4. **No notice** → This is \( Q \) false.  
   - If \( Q \) is false, rule is broken **only if** \( P \) is true.  
   - So must check if this card corresponds to a permanent closure.  

---

**Must turn over:**  
- Permanent closure (to ensure notification was given)  
- No notice (to ensure it’s not a permanent closure)  

---

ANSWER: Permanent closure, No notice","['Permanent closure', 'No notice']","['P', 'not_Q']",CORRECT,87,390,0
93,T94,1,930043,"If a business Closes permanently, it must notify its Employees.","Rule: ""If a business Closes permanently, it must notify its Employees.""
Cards: ['Notified employees', 'No notice', 'Temporary closure', 'Permanent closure']

Which cards must you turn over?
Your answer:","['Notified employees', 'No notice', 'Temporary closure', 'Permanent closure']","Let’s break this down.  

The rule is:  
> If a business **closes permanently**, it must **notify its employees**.  

This is a conditional statement of the form:  
**If P, then Q**  
where:  
- **P** = ""business closes permanently""  
- **Q** = ""it must notify its employees""  

In logic, to check if the rule is being followed, we need to test:  
1. **P → Q**  
   - The only way to violate this is if **P is true and Q is false**.  
   - So we must check **P true** cards to see if Q is false.  
   - And we must check **Q false** cards to see if P is true.  

---

**Step 1 – Identify P and Q in the cards given:**  
Cards:  
- 'Notified employees' → This means Q is **true**.  
- 'No notice' → This means Q is **false**.  
- 'Temporary closure' → This means P is **false** (because P = permanent closure).  
- 'Permanent closure' → This means P is **true**.  

---

**Step 2 – Which cards must be turned over to check for violations?**  

Violation: P true AND Q false.  

- **Permanent closure (P true)** → Must check if Q is false (no notice). If Q is false, rule broken. So **must turn this card**.  
- **No notice (Q false)** → Must check if P is true (permanent closure). If P is true, rule broken. So **must turn this card**.  

---

**Step 3 – Why not the others?**  

- **Notified employees (Q true)** → Even if P is true or false, rule not broken (because Q true satisfies ""must notify"" part). No need to check.  
- **Temporary closure (P false)** → Rule only applies if P true. If P false, rule says nothing, so no violation possible. No need to check.  

---

**Step 4 – Conclusion**  
Must turn over: **Permanent closure** and **No notice**.  

---

ANSWER: Permanent closure, No notice","['Permanent closure', 'No notice']","['P', 'not_Q']",CORRECT,87,466,0
93,T94,2,930044,"If a business Closes permanently, it must notify its Employees.","Rule: ""If a business Closes permanently, it must notify its Employees.""
Cards: ['Permanent closure', 'Temporary closure', 'No notice', 'Notified employees']

Which cards must you turn over?
Your answer:","['Permanent closure', 'Temporary closure', 'No notice', 'Notified employees']","Let’s break this down.  

The rule is:  
**If a business closes permanently, it must notify its employees.**  

This is a conditional statement of the form:  
If **P** (closes permanently), then **Q** (notify employees).  

In logical terms:  
P → Q  

---

**Step 1 – Identify what each card represents**  
- **Permanent closure** → P (antecedent true)  
- **Temporary closure** → not P (antecedent false)  
- **No notice** → not Q (consequent false)  
- **Notified employees** → Q (consequent true)  

---

**Step 2 – Determine which cards to check to test the rule**  
To test P → Q, we check:  
1. **Cards where P is true** (must check Q is true) → check “Permanent closure” (see if other side is “Notified employees” or not).  
2. **Cards where Q is false** (must check P is false) → check “No notice” (see if other side is “Permanent closure” or not).  

Cards where P is false (temporary closure) don’t violate the rule regardless of Q.  
Cards where Q is true (notified employees) don’t violate the rule regardless of P.  

---

**Step 3 – Apply to given cards**  
We must turn over:  
- **Permanent closure** (to ensure employees were notified)  
- **No notice** (to ensure it’s not a permanent closure)  

Temporary closure and Notified employees do not need to be checked.  

---

ANSWER: Permanent closure, No notice","['Permanent closure', 'No notice']","['P', 'not_Q']",CORRECT,87,351,0
93,T94,3,930045,"If a business Closes permanently, it must notify its Employees.","Rule: ""If a business Closes permanently, it must notify its Employees.""
Cards: ['No notice', 'Permanent closure', 'Notified employees', 'Temporary closure']

Which cards must you turn over?
Your answer:","['No notice', 'Permanent closure', 'Notified employees', 'Temporary closure']","Let’s break this down.  

The rule is:  
> If a business **closes permanently**, it must **notify its employees**.  

In logical terms:  
- Let \( P \) = ""business closes permanently""  
- Let \( Q \) = ""business notifies its employees""  

Rule: \( P \rightarrow Q \) (If \( P \), then \( Q \))  

To check violations of \( P \rightarrow Q \), we look for:  
1. \( P \) true and \( Q \) false (closes permanently but did not notify employees) — this violates the rule.  
2. Other combinations (\( \neg P \), or \( Q \) true) do not violate the rule.  

---

**Cards given:**  
1. **No notice** → This means \( Q \) is false.  
   - We need to check if \( P \) is true. If \( P \) is true, rule is broken.  
   - So we must turn this card to see if the business closed permanently.  

2. **Permanent closure** → This means \( P \) is true.  
   - We need to check if \( Q \) is true (notified employees). If \( Q \) is false, rule is broken.  
   - So we must turn this card to see if employees were notified.  

3. **Notified employees** → This means \( Q \) is true.  
   - Rule \( P \rightarrow Q \) is satisfied regardless of \( P \) (if \( Q \) is true, implication holds).  
   - No need to turn.  

4. **Temporary closure** → This means \( P \) is false.  
   - Rule \( P \rightarrow Q \) is satisfied regardless of \( Q \) (if \( P \) is false, implication holds).  
   - No need to turn.  

---

**Cards to turn over:**  
- **No notice** (check if permanent closure)  
- **Permanent closure** (check if notified employees)  

---

ANSWER: No notice, Permanent closure","['No notice', 'Permanent closure']","['P', 'not_Q']",CORRECT,87,422,0
93,T94,4,930046,"If a business Closes permanently, it must notify its Employees.","Rule: ""If a business Closes permanently, it must notify its Employees.""
Cards: ['Notified employees', 'Temporary closure', 'Permanent closure', 'No notice']

Which cards must you turn over?
Your answer:","['Notified employees', 'Temporary closure', 'Permanent closure', 'No notice']","Let’s break this down.  

**Rule:**  
If a business closes permanently → it must notify its employees.  
Logical form:  
If P (permanent closure) → Q (notify employees).  

**Contrapositive:**  
If not Q (did not notify employees) → not P (not permanent closure).  

---

**Cards given:**  
1. Notified employees → Q is true.  
2. Temporary closure → not P (since temporary closure means not permanent closure).  
3. Permanent closure → P is true.  
4. No notice → not Q (did not notify employees).  

---

**Checking each card:**  
We need to check only cards where the rule could be violated.  

- **Card 1: Notified employees (Q true)**  
  If Q is true, the rule P → Q tells us nothing about P (could be P true or false).  
  No violation possible from this side. → **Do not need to check**.  

- **Card 2: Temporary closure (not P)**  
  If P is false, rule P → Q is automatically true regardless of Q.  
  No violation possible. → **Do not need to check**.  

- **Card 3: Permanent closure (P true)**  
  If P is true, rule says Q must be true.  
  We must check this card to see if Q is false (no notice). → **Must check**.  

- **Card 4: No notice (not Q)**  
  Contrapositive: not Q → not P.  
  We must check this card to see if P is true (permanent closure). → **Must check**.  

---

**Cards to turn over:**  
Permanent closure (to check if notified employees)  
No notice (to check if permanent closure)  

---

ANSWER: Permanent closure, No notice","['Permanent closure', 'No notice']","['P', 'not_Q']",CORRECT,87,381,0
94,T95,0,940042,"If a hotel guest Checks out late, they pay an Extra fee.","Rule: ""If a hotel guest Checks out late, they pay an Extra fee.""
Cards: ['On-time checkout', 'Extra fee', 'Late checkout', 'No fee']

Which cards must you turn over?
Your answer:","['On-time checkout', 'Extra fee', 'Late checkout', 'No fee']","Let’s break this down.  

The rule is:  
> If a hotel guest **Checks out late**, they pay an **Extra fee**.  

In logical terms:  
- **If P (late checkout), then Q (extra fee).**  
- Contrapositive: If not Q (no extra fee), then not P (not late checkout).  

We need to check only the cards necessary to verify the rule holds.  

---

**Cards given:**  
1. **On-time checkout** → This means **not P** (not late checkout).  
   - Rule says nothing about what happens if not P, so no need to check.  

2. **Extra fee** → This is **Q**.  
   - Rule says if P then Q, but Q could be true even if P is false (someone could pay extra fee for other reasons).  
   - So checking this card doesn’t test the rule.  

3. **Late checkout** → This is **P**.  
   - Must check this: if P is true, then Q must be true (must have extra fee).  

4. **No fee** → This is **not Q**.  
   - Must check this: if not Q, then P must be false (must not be late checkout).  

---

**Must turn over:**  
- **Late checkout** (to see if extra fee is paid)  
- **No fee** (to see if checkout was late)  

---

ANSWER: Late checkout, No fee","['Late checkout', 'No fee']","['P', 'not_Q']",CORRECT,86,309,0
94,T95,1,940043,"If a hotel guest Checks out late, they pay an Extra fee.","Rule: ""If a hotel guest Checks out late, they pay an Extra fee.""
Cards: ['Extra fee', 'Late checkout', 'On-time checkout', 'No fee']

Which cards must you turn over?
Your answer:","['Extra fee', 'Late checkout', 'On-time checkout', 'No fee']","Let's break down the rule and the cards step by step.

**Step 1 — Interpret the rule.**  
The rule is: “If a hotel guest Checks out late, they pay an Extra fee.”  
This is a conditional statement in the form:  
If P (Checks out late), then Q (pay an Extra fee).

**Step 2 — Identify logical components.**  
P: Checks out late → card labeled “Late checkout”  
Q: Extra fee → card labeled “Extra fee”

In logic, to test if the rule holds, we must check cases that could violate it:  
- Situations where P is true but Q is false would break the rule.  
- Situations where Q is false but P is true also break it (same idea).  
We don’t need to check cases where P is false (because the rule says nothing about what happens when checkout is not late) or where Q is true (because the rule doesn’t forbid extra fee in other situations).

**Step 3 — Translate to cards.**  
We have four cards:  
1. **Extra fee** — This corresponds to Q being true. Turning this over: If we see “Extra fee,” we don’t need to check the checkout status because the rule only says what happens when checkout is late; it doesn’t prohibit extra fees for other reasons. So this card is irrelevant.  
2. **Late checkout** — This corresponds to P being true. We must turn it over to check the other side: If the other side says “No fee,” then P true and Q false → rule broken.  
3. **On-time checkout** — This corresponds to P false. Turning it over: The rule doesn’t constrain cases when checkout is on time, so no violation possible regardless of fee status. Therefore not necessary.  
4. **No fee** — This corresponds to Q false. We must turn it over: If the other side says “Late checkout,” then P true and Q false → rule broken.

**Step 4 — Conclusion on which cards to turn.**  
Must turn over:  
- **Late checkout** (P true, check that Q is also true)  
- **No fee** (Q false, check that P is false)

**Final answer:**  
ANSWER: Late checkout, No fee","['Late checkout', 'No fee']","['P', 'not_Q']",CORRECT,86,476,0
94,T95,2,940044,"If a hotel guest Checks out late, they pay an Extra fee.","Rule: ""If a hotel guest Checks out late, they pay an Extra fee.""
Cards: ['Extra fee', 'No fee', 'On-time checkout', 'Late checkout']

Which cards must you turn over?
Your answer:","['Extra fee', 'No fee', 'On-time checkout', 'Late checkout']","Let’s break this down.  

The rule is:  
> If a hotel guest **Checks out late**, they pay an **Extra fee**.  

This is a conditional statement of the form:  
**If P, then Q**  
where:  
P = Checks out late  
Q = Pays an Extra fee  

---

**Step 1 – Identify what each card represents**  
- ""Extra fee"" → Q (pays extra fee)  
- ""No fee"" → ¬Q (does not pay extra fee)  
- ""On-time checkout"" → ¬P (not late checkout)  
- ""Late checkout"" → P (late checkout)  

---

**Step 2 – Determine which cards must be checked to test the rule**  
For a conditional ""If P then Q"", the only way it can be false is if **P is true and Q is false**.  
So we must check:  
1. **Cards where P is true** (Late checkout) → must see if Q is true (Extra fee) on the other side. If not, rule is broken.  
2. **Cards where Q is false** (No fee) → must see if P is true (Late checkout) on the other side. If yes, rule is broken.  

We do **not** need to check cases where P is false (On-time checkout) or Q is true (Extra fee), because those don’t violate the rule.  

---

**Step 3 – Apply to the given cards**  
Cards:  
- ""Late checkout"" → P → must check  
- ""No fee"" → ¬Q → must check  
- ""Extra fee"" → Q → no need to check (Q true doesn’t break rule regardless of P)  
- ""On-time checkout"" → ¬P → no need to check (P false doesn’t break rule)  

---

**Step 4 – Conclusion**  
Must turn over: **Late checkout** and **No fee**.  

---

ANSWER: Late checkout, No fee","['Late checkout', 'No fee']","['P', 'not_Q']",CORRECT,86,418,0
94,T95,3,940045,"If a hotel guest Checks out late, they pay an Extra fee.","Rule: ""If a hotel guest Checks out late, they pay an Extra fee.""
Cards: ['Late checkout', 'No fee', 'Extra fee', 'On-time checkout']

Which cards must you turn over?
Your answer:","['Late checkout', 'No fee', 'Extra fee', 'On-time checkout']","Let’s break this down.  

The rule is:  
> If a hotel guest **Checks out late**, they pay an **Extra fee**.  

This is a conditional statement of the form:  
**If P, then Q**  
where:  
P = Checks out late (Late checkout)  
Q = Pay an Extra fee  

---

**Step 1 – Identify what each card represents in logical terms**  

Cards given:  
1. **Late checkout** → P is true  
2. **No fee** → Q is false (not paying extra fee)  
3. **Extra fee** → Q is true  
4. **On-time checkout** → P is false  

---

**Step 2 – Determine which cards must be checked to test the rule**  

For a conditional statement “If P then Q”, the only way it can be **violated** is when **P is true and Q is false**.  
So we must check:  

- **Cards where P is true** (to make sure Q is true for them) → Check **Late checkout** (P true)  
- **Cards where Q is false** (to make sure P is false for them) → Check **No fee** (Q false)  

---

**Step 3 – Evaluate the other cards**  

- **Extra fee** (Q true): This doesn’t violate the rule regardless of P, because if Q is true, the rule “If P then Q” is not disproven.  
- **On-time checkout** (P false): If P is false, the rule says nothing about Q, so Q could be true or false without breaking the rule.  

---

**Step 4 – Conclusion**  

We must turn over **Late checkout** (to see if fee is extra) and **No fee** (to see if checkout was late).  

---

ANSWER: Late checkout, No fee","['Late checkout', 'No fee']","['P', 'not_Q']",CORRECT,86,390,0
94,T95,4,940046,"If a hotel guest Checks out late, they pay an Extra fee.","Rule: ""If a hotel guest Checks out late, they pay an Extra fee.""
Cards: ['No fee', 'On-time checkout', 'Extra fee', 'Late checkout']

Which cards must you turn over?
Your answer:","['No fee', 'On-time checkout', 'Extra fee', 'Late checkout']","Let’s break this down.  

The rule is:  
**If a hotel guest checks out late, they pay an extra fee.**  

In logical terms:  
- **If P (late checkout), then Q (extra fee).**  
- Contrapositive: If not Q (no extra fee), then not P (not late checkout).  

We have four cards:  

1. **No fee** → This means ""not Q"" (no extra fee).  
   To check the contrapositive: If not Q, then not P. So we must verify the guest did **not** check out late.  
   Must turn over.  

2. **On-time checkout** → This means ""not P"" (not late checkout).  
   The rule says nothing about what happens if not P; Q could be true or false.  
   No need to turn over.  

3. **Extra fee** → This means ""Q"" (extra fee).  
   The rule says if P then Q, but Q could be true even if P is false (maybe other reasons for extra fee).  
   No need to turn over.  

4. **Late checkout** → This means ""P"" (late checkout).  
   Must check if there is an extra fee (Q).  
   Must turn over.  

**Cards to turn over:** No fee, Late checkout.  

ANSWER: No fee, Late checkout","['No fee', 'Late checkout']","['P', 'not_Q']",CORRECT,86,290,0
95,T96,0,950042,"If you apply for a Loan, the bank checks your Credit score.","Rule: ""If you apply for a Loan, the bank checks your Credit score.""
Cards: ['Loan application', 'Savings deposit', 'No check', 'Credit checked']

Which cards must you turn over?
Your answer:","['Loan application', 'Savings deposit', 'No check', 'Credit checked']","Let’s break this down.  

The rule is:  
> If you apply for a Loan, the bank checks your Credit score.  

This is a conditional statement:  
**If P (apply for Loan), then Q (bank checks Credit score).**  

In logical terms:  
P → Q  

To test whether the rule is being followed, we need to check for violations.  
A violation occurs when P is true but Q is false.  

So we must check:  
1. **Cards where P is true** (apply for Loan) → to make sure Q is true.  
2. **Cards where Q is false** (Credit not checked) → to make sure P is false.  

We don’t need to check cases where P is false (no loan application) or where Q is true (credit checked) because those don’t violate the rule.  

---

**Cards given:**  
- **Loan application** → P is true → must check other side for Q (Credit checked). If other side says “No check,” rule is broken.  
- **Savings deposit** → P is false → no need to check (rule doesn’t say anything about savings).  
- **No check** → Q is false → must check other side for P (Loan application). If other side says “Loan application,” rule is broken.  
- **Credit checked** → Q is true → no need to check (even if P is true or false, rule is not violated when Q is true).  

---

**Must turn over:**  
1. Loan application (to verify Q is true)  
2. No check (to verify P is false)  

---

ANSWER: Loan application, No check","['Loan application', 'No check']","['P', 'not_Q']",CORRECT,86,352,0
95,T96,1,950043,"If you apply for a Loan, the bank checks your Credit score.","Rule: ""If you apply for a Loan, the bank checks your Credit score.""
Cards: ['No check', 'Savings deposit', 'Loan application', 'Credit checked']

Which cards must you turn over?
Your answer:","['No check', 'Savings deposit', 'Loan application', 'Credit checked']","Let’s break this down.  

The rule is:  
**If you apply for a Loan, the bank checks your Credit score.**  

In logical form:  
If **Loan application** → **Credit checked**.  

This is a conditional statement: \( P \rightarrow Q \)  
- \( P \): Loan application  
- \( Q \): Credit checked  

In a “Wason selection task” style, we need to check for violations of this rule.  
A violation would be: \( P \) true and \( Q \) false.  
So we must check any card that could possibly be \( P \) true (to see if \( Q \) is false) and any card that could be \( Q \) false (to see if \( P \) is true).  

---

**Cards given:**  
1. **No check** → This means Credit checked = false (\( \neg Q \))  
   Must turn over to see if there is Loan application (\( P \)) on the other side.  
   If there is Loan application, rule is violated.  

2. **Savings deposit** → This is irrelevant to \( P \) or \( Q \) (not Loan application, not about credit check).  
   No need to turn over, because rule only says what happens if you apply for a loan; it says nothing about what happens if you don’t apply.  

3. **Loan application** → This is \( P \) true.  
   Must turn over to see if Credit checked (\( Q \)) is true on the other side. If not, rule is violated.  

4. **Credit checked** → This is \( Q \) true.  
   No need to turn over, because rule is not violated if \( Q \) is true regardless of \( P \).  

---

**Must turn over:**  
- Loan application (\( P \))  
- No check (\( \neg Q \))  

---

ANSWER: Loan application, No check","['Loan application', 'No check']","['P', 'not_Q']",CORRECT,86,396,0
95,T96,2,950044,"If you apply for a Loan, the bank checks your Credit score.","Rule: ""If you apply for a Loan, the bank checks your Credit score.""
Cards: ['Credit checked', 'No check', 'Savings deposit', 'Loan application']

Which cards must you turn over?
Your answer:","['Credit checked', 'No check', 'Savings deposit', 'Loan application']","Let’s break this down.  

**Step 1 – Understanding the rule**  
The rule is:  
> If you apply for a Loan, the bank checks your Credit score.  

In logical form:  
If **P** (apply for a Loan), then **Q** (bank checks your Credit score).  
P → Q  

**Step 2 – Identifying what each card represents**  
Cards given:  
1. **Credit checked** → This means Q is true.  
2. **No check** → This means Q is false.  
3. **Savings deposit** → This is unrelated to P (not a loan application).  
4. **Loan application** → This means P is true.  

**Step 3 – Which cards to turn over to test the rule**  
We want to check for violations of P → Q.  
Violations happen only when **P is true and Q is false**.  

So we must check:  
- Any card where **P is true** (Loan application) → must see if Q is true on the other side. If Q is false, rule broken.  
- Any card where **Q is false** (No check) → must see if P is true on the other side. If P is true, rule broken.  

Cards where we don’t need to check:  
- **Credit checked** (Q true) → even if P is false on the other side, that doesn’t violate P → Q (false antecedent is fine).  
- **Savings deposit** (not P) → even if Q is false on the other side, that’s fine (P false, Q false doesn’t violate).  

**Step 4 – Conclusion**  
Must turn over:  
- Loan application (P true)  
- No check (Q false)  

ANSWER: Loan application, No check","['Loan application', 'No check']","['P', 'not_Q']",CORRECT,86,385,0
95,T96,3,950045,"If you apply for a Loan, the bank checks your Credit score.","Rule: ""If you apply for a Loan, the bank checks your Credit score.""
Cards: ['Savings deposit', 'Credit checked', 'No check', 'Loan application']

Which cards must you turn over?
Your answer:","['Savings deposit', 'Credit checked', 'No check', 'Loan application']","We need to interpret the rule as a conditional statement.

Rule: ""If you apply for a Loan, the bank checks your Credit score.""  
This can be written logically as:  
If **Loan application**, then **Credit checked**.  
In logic: \( P \rightarrow Q \), where  
P = ""apply for a Loan"" (Loan application)  
Q = ""bank checks your Credit score"" (Credit checked)

We’re testing this rule using the Wason selection task: we have cards showing one side and we must turn over only those cards necessary to verify if the rule holds.

Cards:  
1. ""Savings deposit"" – this is not a Loan application (not P).  
2. ""Credit checked"" – this corresponds to Q (the credit is checked).  
3. ""No check"" – this corresponds to not Q (credit not checked).  
4. ""Loan application"" – this corresponds to P (apply for Loan).

To check the truth of \( P \rightarrow Q \):  
- We must check cases where P is true (Loan application) to ensure Q is true (Credit checked).  
- We must also check cases where Q is false (No check) to ensure P is false (not Loan application), because if \( P \rightarrow Q \) is true and Q is false, then P must be false.

So cards to turn over:  
- **Loan application** (P): to see if the other side is ""Credit checked"" (Q).  
- **No check** (not Q): to see if the other side is not ""Loan application"" (not P).

Other cards:  
- ""Savings deposit"" (not P): no need to turn over because the rule doesn’t require anything when P is false.  
- ""Credit checked"" (Q): no need to turn over because if Q is true, the rule could hold regardless of P (even if P is false, \( P \rightarrow Q \) is still true).

Thus, the necessary cards to turn over are: Loan application and No check.

ANSWER: Loan application, No check","['Loan application', 'No check']","['P', 'not_Q']",CORRECT,86,430,0
95,T96,4,950046,"If you apply for a Loan, the bank checks your Credit score.","Rule: ""If you apply for a Loan, the bank checks your Credit score.""
Cards: ['Credit checked', 'No check', 'Loan application', 'Savings deposit']

Which cards must you turn over?
Your answer:","['Credit checked', 'No check', 'Loan application', 'Savings deposit']","First, let’s translate the rule into a logical statement.  

Rule: “If you apply for a Loan, the bank checks your Credit score.”  
This is a conditional statement:  
- If **Loan application** (antecedent) → then **Credit checked** (consequent).  

We want to test the rule: we must check cards that could violate it.  

Possible violations:  
1. **Loan application** is true (present), but **Credit checked** is false (not checked) → This would break the rule.  
2. The rule does not say anything about what happens if you don’t apply for a loan. So, if there’s no loan application, the rule doesn’t apply (no violation from the antecedent being false).  

Now, we have four cards:  

- **Credit checked** (consequent true)  
- **No check** (consequent false)  
- **Loan application** (antecedent true)  
- **Savings deposit** (antecedent false — not relevant to the rule)  

We must turn over cards that could show a violation:  
- **Loan application**: We must check because if this card has “Loan application” on it (antecedent true), we need to see the other side — is “Credit checked” there? If the other side is “No check,” that violates the rule.  
- **No check**: We must check because if this card has “No check” on it (consequent false), we need to see the other side — is there “Loan application”? If yes, then it’s a violation.  

We don’t need to turn over:  
- **Credit checked**: If consequent is true, the rule isn’ violated regardless of antecedent.  
- **Savings deposit**: Antecedent false — rule doesn’t apply.  

So the cards to turn over are **Loan application** and **No check**.  

ANSWER: Loan application, No check","['Loan application', 'No check']","['P', 'not_Q']",CORRECT,86,404,0
96,T97,0,960042,"If a surgeon performs an Operation, they must be Licensed.","Rule: ""If a surgeon performs an Operation, they must be Licensed.""
Cards: ['Unlicensed', 'Assists operation', 'Performs operation', 'Licensed']

Which cards must you turn over?
Your answer:","['Unlicensed', 'Assists operation', 'Performs operation', 'Licensed']","Let’s break this down.  

**Rule:**  
""If a surgeon performs an Operation, they must be Licensed.""  
Logical form:  
If **performs operation** → **must be licensed**.  

**Contrapositive:**  
If **not licensed** → **cannot perform operation**.  

---

**Cards:**  
1. **Unlicensed** → This means ""not licensed"".  
   From contrapositive: if not licensed, they must not perform operation.  
   We need to check if this person is performing an operation.  
   So we must turn this card to check the other side.  

2. **Assists operation** → Rule only talks about *performing* an operation, not assisting.  
   Assisting could be done by licensed or unlicensed — rule doesn’t apply.  
   So no need to turn.  

3. **Performs operation** → If they perform operation, rule says they must be licensed.  
   We must check if they are licensed.  
   So we must turn this card.  

4. **Licensed** → Rule says if they perform operation, they must be licensed, but being licensed doesn’t mean they are performing an operation.  
   They could be licensed and not performing — that’s fine.  
   So no need to turn.  

---

**Cards to turn:**  
- Unlicensed (to check if they are performing operation)  
- Performs operation (to check if they are licensed)  

---

ANSWER: Unlicensed, Performs operation","['Unlicensed', 'Performs operation']","['P', 'not_Q']",CORRECT,85,311,0
96,T97,1,960043,"If a surgeon performs an Operation, they must be Licensed.","Rule: ""If a surgeon performs an Operation, they must be Licensed.""
Cards: ['Assists operation', 'Unlicensed', 'Performs operation', 'Licensed']

Which cards must you turn over?
Your answer:","['Assists operation', 'Unlicensed', 'Performs operation', 'Licensed']","Let’s break this down.  

**Step 1 – Restate the rule in logical form**  
Rule: ""If a surgeon performs an Operation, they must be Licensed.""  
This is:  
If **performs operation** → **must be licensed**.  

In logic:  
P = performs operation  
Q = licensed  

Rule: P → Q  

**Step 2 – Understand what to check for**  
For a conditional P → Q, to check if the rule is being violated, we look for:  
- Cases where P is true but Q is false.  

So we must check:  
1. **Cards where P is true** (performs operation) → must verify Q is true (licensed).  
2. **Cards where Q is false** (not licensed) → must verify P is false (not performing operation).  

**Step 3 – Map cards to logical states**  
Cards:  
- 'Assists operation' → not P (does not perform operation, just assists)  
- 'Unlicensed' → not Q  
- 'Performs operation' → P  
- 'Licensed' → Q  

**Step 4 – Determine which cards to turn over**  
We only need to turn cards that could show a violation:  

1. **P card** ('Performs operation') → must check other side for Q (licensed). If other side is 'unlicensed', rule broken. So turn this.  
2. **not Q card** ('Unlicensed') → must check other side for P (performs operation). If other side is 'performs operation', rule broken. So turn this.  

Other cards:  
- 'Assists operation' (not P) → even if other side is 'unlicensed', rule not broken (rule only says if P then Q, not P means no requirement). So no need to turn.  
- 'Licensed' (Q) → even if other side is 'performs operation', that’s fine (P and Q is okay). If other side is 'does not perform operation', also fine. So no need to turn.  

**Step 5 – Conclusion**  
Must turn: 'Performs operation' and 'Unlicensed'.  

ANSWER: Performs operation, Unlicensed","['Performs operation', 'Unlicensed']","['P', 'not_Q']",CORRECT,85,466,0
96,T97,2,960044,"If a surgeon performs an Operation, they must be Licensed.","Rule: ""If a surgeon performs an Operation, they must be Licensed.""
Cards: ['Assists operation', 'Unlicensed', 'Licensed', 'Performs operation']

Which cards must you turn over?
Your answer:","['Assists operation', 'Unlicensed', 'Licensed', 'Performs operation']","Let’s break this down.  

**Rule:**  
""If a surgeon performs an Operation, they must be Licensed.""  
Logical form:  
If **performs operation** → **must be licensed**.  
Contrapositive: If **not licensed** → **must not perform operation**.  

**Cards:**  
1. Assists operation  
2. Unlicensed  
3. Licensed  
4. Performs operation  

---

**Step 1 – Identify what needs checking**  
We check for violations of the rule:  
- We need to verify **performs operation** → check if licensed.  
- We need to verify **not licensed** → check if not performing operation.  

---

**Step 2 – Check each card**  

**Card 1: Assists operation**  
- Does ""assists operation"" mean ""performs operation""? No.  
- Rule only applies to ""performs operation"", so ""assists"" is irrelevant.  
- No need to turn.  

**Card 2: Unlicensed**  
- ""Unlicensed"" = not licensed.  
- Contrapositive says: if not licensed → must not perform operation.  
- Must check if this person performs operation.  
- **Must turn** to see if they perform operation.  

**Card 3: Licensed**  
- ""Licensed"" satisfies the consequent of the rule.  
- Rule says: if performs operation → licensed.  
- If licensed, rule doesn’t force anything about performing operation (could perform or not).  
- No need to turn.  

**Card 4: Performs operation**  
- ""Performs operation"" triggers the rule’s antecedent.  
- Must check if licensed.  
- **Must turn** to see if licensed.  

---

**Step 3 – Conclusion**  
Cards to turn: **Unlicensed** and **Performs operation**.  

---

ANSWER: Unlicensed, Performs operation","['Unlicensed', 'Performs operation']","['P', 'not_Q']",CORRECT,85,393,0
96,T97,3,960045,"If a surgeon performs an Operation, they must be Licensed.","Rule: ""If a surgeon performs an Operation, they must be Licensed.""
Cards: ['Licensed', 'Unlicensed', 'Assists operation', 'Performs operation']

Which cards must you turn over?
Your answer:","['Licensed', 'Unlicensed', 'Assists operation', 'Performs operation']","Let’s break this down.  

The rule is:  
> If a surgeon performs an Operation, they must be Licensed.  

In logical terms:  
- Let \( P \) = ""performs an operation""  
- Let \( L \) = ""licensed""  
Rule: \( P \rightarrow L \) (If P then L)  

To check violations of \( P \rightarrow L \), we look for:  
1. **Cases where \( P \) is true but \( L \) is false** (performs operation but not licensed).  
2. We do **not** need to check cases where \( P \) is false (doesn’t perform operation) — rule says nothing about them.  

---

**Cards given:**  
1. **Licensed** → This is \( L \) true.  
   - \( P \) unknown.  
   - Could be someone licensed who doesn’t perform operations — no violation.  
   - Could be someone licensed who performs operations — fine.  
   - No need to check this card for violation because rule only cares about \( P \) true → \( L \) false.  
   - So **do not turn**.

2. **Unlicensed** → This is \( L \) false.  
   - If this person is also \( P \) true (performs operation), that violates the rule.  
   - But if they are \( P \) false (don’t perform operation), no violation.  
   - So we must check: does this person perform operations?  
   - But wait — the card only says ""Unlicensed"" on one side. We need to see the other side to know if they perform operations.  
   - Actually, in the selection task, we turn only cards that **could possibly violate** the rule if the hidden side is a certain way.  
   - For \( L \) false, we check if \( P \) is true. So **turn this card** to see if they perform operations.

3. **Assists operation** → This is \( P \) false (because ""performs"" vs ""assists"" are different; rule only cares about ""performs"").  
   - \( P \) false means antecedent false → rule not violated regardless of \( L \).  
   - So **do not turn**.

4. **Performs operation** → This is \( P \) true.  
   - Rule says if \( P \) true then \( L \) must be true.  
   - So we must check the other side to see if they are licensed.  
   - **Turn this card**.

---

**Cards to turn:**  
- Unlicensed (to check if they perform operation)  
- Performs operation (to check if they are licensed)  

ANSWER: Unlicensed, Performs operation","['Unlicensed', 'Performs operation']","['P', 'not_Q']",CORRECT,85,566,0
96,T97,4,960046,"If a surgeon performs an Operation, they must be Licensed.","Rule: ""If a surgeon performs an Operation, they must be Licensed.""
Cards: ['Performs operation', 'Assists operation', 'Licensed', 'Unlicensed']

Which cards must you turn over?
Your answer:","['Performs operation', 'Assists operation', 'Licensed', 'Unlicensed']","Let’s break this down.  

The rule is:  
**If a surgeon performs an Operation, they must be Licensed.**  
This is a conditional statement:  
If **Performs operation** → then **Licensed**.  

Logically, this is:  
P → Q  
where:  
P = Performs operation  
Q = Licensed  

To check violations, we need to find cases where P is true and Q is false.  
So we must test:  
1. Cards where P is true (Performs operation) → must check other side for Q (Licensed).  
2. Cards where Q is false (Unlicensed) → must check other side for not P (not Performs operation).  

---

**Cards given:**  
- **Performs operation** → This is P true. Must check other side: if other side is ""Unlicensed"", rule is broken. So must turn.  
- **Assists operation** → This is not P (P false). Rule says nothing about assisting, so no need to check (P false means conditional is automatically true regardless of Q).  
- **Licensed** → This is Q true. If Q true, rule is satisfied regardless of P (because P → Q is only false when P true and Q false). So no need to turn.  
- **Unlicensed** → This is Q false. Must check other side: if other side is ""Performs operation"", rule is broken. So must turn.  

---

**Must turn over:**  
1. Performs operation  
2. Unlicensed  

---

ANSWER: Performs operation, Unlicensed","['Performs operation', 'Unlicensed']","['P', 'not_Q']",CORRECT,85,329,0
97,T98,0,970042,"If you enter a Laboratory, you must wear Safety goggles.","Rule: ""If you enter a Laboratory, you must wear Safety goggles.""
Cards: ['Goggles on', 'Waits outside', 'Enters lab', 'No goggles']

Which cards must you turn over?
Your answer:","['Goggles on', 'Waits outside', 'Enters lab', 'No goggles']","Let’s break this down.  

The rule is:  
**If you enter a Laboratory, you must wear Safety goggles.**  

In logical form:  
If **P** (enter lab) then **Q** (wear goggles).  

We have four cards:  

1. **Goggles on** → This is **Q** (wearing goggles).  
   - Does Q being true tell us anything about P? No, because the rule doesn’t say “if wearing goggles, you must be in lab.”  
   - So we don’t need to check this card.  

2. **Waits outside** → This is **not P** (not entering lab).  
   - If not P, the rule says nothing about Q.  
   - So we don’t need to check this card.  

3. **Enters lab** → This is **P**.  
   - If P is true, then Q must be true (must wear goggles).  
   - We must check this card to see if the person is wearing goggles.  

4. **No goggles** → This is **not Q** (not wearing goggles).  
   - If not Q, then P must be false (must not be in lab) to avoid breaking the rule.  
   - We must check this card to see if the person is in the lab.  

So the cards to turn over are: **Enters lab** and **No goggles**.  

ANSWER: Enters lab, No goggles","['Enters lab', 'No goggles']","['P', 'not_Q']",CORRECT,86,307,0
97,T98,1,970043,"If you enter a Laboratory, you must wear Safety goggles.","Rule: ""If you enter a Laboratory, you must wear Safety goggles.""
Cards: ['Goggles on', 'No goggles', 'Enters lab', 'Waits outside']

Which cards must you turn over?
Your answer:","['Goggles on', 'No goggles', 'Enters lab', 'Waits outside']","Let’s break this down.  

The rule is:  
**If you enter a Laboratory, you must wear Safety goggles.**  

In logical form:  
If **P** (enter lab), then **Q** (wear goggles).  

The contrapositive is:  
If **not Q** (not wearing goggles), then **not P** (not entering lab).  

We check each card:  

1. **Goggles on** → This is **Q** (wearing goggles).  
   - Does this need checking? No, because the rule says nothing about what happens if you wear goggles (you could be wearing goggles outside the lab, which is fine).  

2. **No goggles** → This is **not Q**.  
   - Must check: If someone is not wearing goggles, they must not be entering the lab (contrapositive). So we must verify they are not entering the lab.  

3. **Enters lab** → This is **P**.  
   - Must check: If someone enters the lab, they must be wearing goggles. So we must verify they are wearing goggles.  

4. **Waits outside** → This is **not P**.  
   - Does this need checking? No, because the rule only applies if you enter the lab. If you are outside, you can wear goggles or not; rule doesn’t constrain this.  

So we must turn over: **No goggles** and **Enters lab**.  

ANSWER: No goggles, Enters lab","['No goggles', 'Enters lab']","['P', 'not_Q']",CORRECT,86,308,0
97,T98,2,970044,"If you enter a Laboratory, you must wear Safety goggles.","Rule: ""If you enter a Laboratory, you must wear Safety goggles.""
Cards: ['Waits outside', 'Enters lab', 'Goggles on', 'No goggles']

Which cards must you turn over?
Your answer:","['Waits outside', 'Enters lab', 'Goggles on', 'No goggles']","Let’s break this down.  

The rule is:  
**If you enter a Laboratory, you must wear Safety goggles.**  

In logical form:  
If **P** (enter lab), then **Q** (wear goggles).  

The contrapositive is:  
If **not Q** (not wearing goggles), then **not P** (not entering lab).  

We check each card:  

1. **Waits outside** → This is **not P** (did not enter lab).  
   - Rule says nothing about people who don’t enter lab; they may or may not wear goggles.  
   - No need to check.  

2. **Enters lab** → This is **P**.  
   - Must check **Q** (goggles on). If not wearing goggles, rule is broken.  
   - Must turn this card.  

3. **Goggles on** → This is **Q**.  
   - Rule says: If P then Q, but if Q is true, P could be true or false (they could be wearing goggles outside lab).  
   - No need to check.  

4. **No goggles** → This is **not Q**.  
   - Contrapositive says: If not Q, then not P.  
   - Must check that they did **not** enter lab. If they entered lab, rule is broken.  
   - Must turn this card.  

So cards to turn: **Enters lab** and **No goggles**.  

ANSWER: Enters lab, No goggles","['Enters lab', 'No goggles']","['P', 'not_Q']",CORRECT,86,317,0
97,T98,3,970045,"If you enter a Laboratory, you must wear Safety goggles.","Rule: ""If you enter a Laboratory, you must wear Safety goggles.""
Cards: ['Enters lab', 'Waits outside', 'No goggles', 'Goggles on']

Which cards must you turn over?
Your answer:","['Enters lab', 'Waits outside', 'No goggles', 'Goggles on']","Let’s break this down.  

The rule is:  
**If you enter a Laboratory, you must wear Safety goggles.**  

In logical form:  
If **P** (enter lab), then **Q** (wear goggles).  

The contrapositive is:  
If **not Q** (not wearing goggles), then **not P** (not entering lab).  

We check each card:  

1. **""Enters lab""** → This is **P**. We must check if **Q** is true (goggles on). So we must turn this card.  
2. **""Waits outside""** → This is **not P**. The rule says nothing about what happens if you don’t enter the lab, so no need to check.  
3. **""No goggles""** → This is **not Q**. By contrapositive, if not Q, then not P. We must check if they entered the lab. So we must turn this card.  
4. **""Goggles on""** → This is **Q**. If Q is true, the rule doesn’t require anything about P (could be in lab or not). So no need to check.  

Cards to turn over: **""Enters lab""** and **""No goggles""**.  

ANSWER: Enters lab, No goggles","['Enters lab', 'No goggles']","['P', 'not_Q']",CORRECT,86,275,0
97,T98,4,970046,"If you enter a Laboratory, you must wear Safety goggles.","Rule: ""If you enter a Laboratory, you must wear Safety goggles.""
Cards: ['Waits outside', 'Enters lab', 'No goggles', 'Goggles on']

Which cards must you turn over?
Your answer:","['Waits outside', 'Enters lab', 'No goggles', 'Goggles on']","Let’s break this down.  

The rule is:  
**If you enter a Laboratory, you must wear Safety goggles.**  

In logical form:  
If **P** (enter lab), then **Q** (wear goggles).  
P → Q  

The contrapositive is:  
If not Q (not wearing goggles), then not P (not entering lab).  

We have four cards:  

1. **Waits outside** → This is **not P** (did not enter lab).  
   - P → Q says nothing about what happens when P is false.  
   - No need to check, because rule only applies if P is true.  

2. **Enters lab** → This is **P**.  
   - Must check if Q is true (goggles on).  
   - Must turn this card.  

3. **No goggles** → This is **not Q**.  
   - Contrapositive says: if not Q, then not P.  
   - Must check if P is false (not entering lab).  
   - Must turn this card.  

4. **Goggles on** → This is **Q**.  
   - If Q is true, P could be true or false; rule doesn’t forbid wearing goggles outside lab.  
   - No need to check.  

So we must turn over: **Enters lab** and **No goggles**.  

ANSWER: Enters lab, No goggles","['Enters lab', 'No goggles']","['P', 'not_Q']",CORRECT,86,295,0
98,T99,0,980042,"If a ship enters a Port, it must be Inspected.","Rule: ""If a ship enters a Port, it must be Inspected.""
Cards: ['Not inspected', 'Sails open sea', 'Inspected', 'Enters port']

Which cards must you turn over?
Your answer:","['Not inspected', 'Sails open sea', 'Inspected', 'Enters port']","Let’s break this down.  

The rule is:  
**If a ship enters a Port, it must be Inspected.**  

In logical terms:  
- Let \( P \) = ""enters a port""  
- Let \( Q \) = ""must be inspected"" (or ""is inspected"")  

Rule: \( P \rightarrow Q \) (If P, then Q)  

To check violations of \( P \rightarrow Q \), we look for:  
1. \( P \) true and \( Q \) false (enters port, not inspected) — this violates the rule.  
2. Other combinations (\( \neg P, Q \)), (\( \neg P, \neg Q \)), (\( P, Q \)) do not violate the rule.  

---

**Cards given:**  
1. **Not inspected** → This is \( \neg Q \).  
   To see if rule is violated, we must check if \( P \) is true.  
   If this card has \( P \) true (enters port), then rule broken.  
   So we must **turn this card** to check what’s on the other side (does it say ""Enters port""?).  

2. **Sails open sea** → This means \( \neg P \) (not entering port).  
   Rule says nothing about ships that don’t enter port, so no need to check \( Q \).  
   So **do not turn**.  

3. **Inspected** → This is \( Q \) true.  
   Even if \( P \) is true or false, rule not violated (if \( P \) true, \( Q \) true is fine; if \( P \) false, irrelevant).  
   So **do not turn**.  

4. **Enters port** → This is \( P \) true.  
   Rule requires \( Q \) true (inspected).  
   We must check other side to see if it says ""Inspected"" or not.  
   If other side says ""Not inspected"", rule broken.  
   So **must turn this card**.  

---

**Cards to turn over:**  
- ""Not inspected"" (to check if it enters port)  
- ""Enters port"" (to check if it is inspected)  

---

ANSWER: Not inspected, Enters port","['Not inspected', 'Enters port']","['P', 'not_Q']",CORRECT,87,475,0
98,T99,1,980043,"If a ship enters a Port, it must be Inspected.","Rule: ""If a ship enters a Port, it must be Inspected.""
Cards: ['Sails open sea', 'Inspected', 'Not inspected', 'Enters port']

Which cards must you turn over?
Your answer:","['Sails open sea', 'Inspected', 'Not inspected', 'Enters port']","Let’s break this down.  

The rule is:  
**If a ship enters a Port, it must be Inspected.**  

This is a conditional statement:  
If **P** (enters port) → then **Q** (inspected).  

Logically, the only way to violate this rule is:  
**P is true** (enters port) and **Q is false** (not inspected).  

So we need to check cards that could possibly violate this rule.  

---

**Cards given:**  

1. **Sails open sea** → This means **not P** (does not enter port).  
   - If not P, the rule is not violated regardless of Q.  
   - So we don’t need to check this card.  

2. **Inspected** → This means **Q is true**.  
   - If Q is true, the rule “If P then Q” cannot be violated (because Q is true, so even if P is true, it’s fine).  
   - So we don’t need to check this card.  

3. **Not inspected** → This means **Q is false**.  
   - If Q is false, we must check whether P is true.  
   - If P is true, rule is violated.  
   - So we **must turn this card** to see if the ship entered port.  

4. **Enters port** → This means **P is true**.  
   - If P is true, we must check whether Q is true.  
   - So we **must turn this card** to see if it was inspected.  

---

**Cards to turn over:**  
- **Not inspected** (to check if it entered port)  
- **Enters port** (to check if it was inspected)  

---

ANSWER: Enters port, Not inspected","['Enters port', 'Not inspected']","['P', 'not_Q']",CORRECT,87,385,0
98,T99,2,980044,"If a ship enters a Port, it must be Inspected.","Rule: ""If a ship enters a Port, it must be Inspected.""
Cards: ['Enters port', 'Not inspected', 'Inspected', 'Sails open sea']

Which cards must you turn over?
Your answer:","['Enters port', 'Not inspected', 'Inspected', 'Sails open sea']","Let’s break this down.  

The rule is:  
**If a ship enters a Port, it must be Inspected.**  
This is a conditional statement:  
If **P** (enters port) → then **Q** (inspected).  

Logically, the only way to violate this rule is:  
**P and not Q** — i.e., a ship enters port and is not inspected.  

We have four cards:  

1. **Enters port** → This is **P**. We must check if the other side violates the rule. If the other side says ""Not inspected,"" that would break the rule. So we must turn this card.  
2. **Not inspected** → This is **not Q**. We must check if the other side is **P** (enters port), because if it is, that’s a violation. So we must turn this card.  
3. **Inspected** → This is **Q**. The rule says nothing about what happens if inspected; it could have entered port or not. No violation possible here, so no need to turn.  
4. **Sails open sea** → This is **not P**. The rule only applies if the ship enters port. If it sails open sea, the rule’s condition is false, so no requirement about inspection. No violation possible, so no need to turn.  

Thus, we must turn over: **Enters port** and **Not inspected**.  

ANSWER: Enters port, Not inspected","['Enters port', 'Not inspected']","['P', 'not_Q']",CORRECT,87,313,0
98,T99,3,980045,"If a ship enters a Port, it must be Inspected.","Rule: ""If a ship enters a Port, it must be Inspected.""
Cards: ['Inspected', 'Sails open sea', 'Enters port', 'Not inspected']

Which cards must you turn over?
Your answer:","['Inspected', 'Sails open sea', 'Enters port', 'Not inspected']","We have the rule: ""If a ship enters a Port, it must be Inspected.""  
This is a conditional statement of the form:  
If P (enters port), then Q (must be inspected).  

Logically: P → Q  

We need to test the rule by checking cards that could violate it.  
A violation occurs if P is true and Q is false.  

So we must check:  
- Any card showing ""P"" (enters port) to ensure Q (inspected) is true on the other side.  
- Any card showing ""not Q"" (not inspected) to ensure P (enters port) is false on the other side.  

Cards given:  
1. 'Inspected' (Q true) – this doesn’t risk violation because even if P is true, Q is already true. No need to check.  
2. 'Sails open sea' (not P) – this doesn’t risk violation because if P is false, the rule is not triggered. No need to check.  
3. 'Enters port' (P true) – must check to ensure Q is true on the other side.  
4. 'Not inspected' (Q false) – must check to ensure P is false on the other side.  

Thus we must turn over: 'Enters port' and 'Not inspected'.

ANSWER: Enters port, Not inspected","['Enters port', 'Not inspected']","['P', 'not_Q']",CORRECT,87,290,0
98,T99,4,980046,"If a ship enters a Port, it must be Inspected.","Rule: ""If a ship enters a Port, it must be Inspected.""
Cards: ['Not inspected', 'Enters port', 'Inspected', 'Sails open sea']

Which cards must you turn over?
Your answer:","['Not inspected', 'Enters port', 'Inspected', 'Sails open sea']","Let’s break this down.  

**Rule:**  
""If a ship enters a Port, it must be Inspected.""  
Logical form:  
If **enters port** → **must be inspected**.  
Contrapositive: If **not inspected** → **must not enter port**.  

**Cards:**  
1. 'Not inspected'  
2. 'Enters port'  
3. 'Inspected'  
4. 'Sails open sea'  

---

**Step 1 – Identify what we’re checking for violations**  
We need to check only cards that could break the rule.  
Rule violation happens if:  
- A ship **enters port** and is **not inspected**.  

So we look for:  
- **P (enters port)** → must check the other side for **not inspected**? Actually, we check the card showing ""enters port"" to see if the other side says ""not inspected"" (which would break the rule).  
- **Not Q (not inspected)** → must check the other side for ""enters port"" (because if other side says ""enters port"", that would break the contrapositive: not inspected → not enter port).  

---

**Step 2 – Check each card**  

1. **'Not inspected'** → This is **not Q**.  
   If the other side says ""enters port"", that violates the rule.  
   So we must check this card.  

2. **'Enters port'** → This is **P**.  
   If the other side says ""not inspected"", that violates the rule.  
   So we must check this card.  

3. **'Inspected'** → This is **Q**.  
   Rule says: if enters port → inspected.  
   If other side says ""enters port"", that’s fine (inspected).  
   If other side says ""sails open sea"", also fine.  
   No possible violation from this card alone.  
   So **do not need to check**.  

4. **'Sails open sea'** → This is **not P** (does not enter port).  
   Rule only applies if enters port.  
   If other side says ""inspected"" or ""not inspected"", doesn’t matter — rule doesn’t constrain ships that don’t enter port.  
   So **do not need to check**.  

---

**Step 3 – Conclusion**  
Must turn over: **'Not inspected'** and **'Enters port'**.  

---

ANSWER: Not inspected, Enters port","['Not inspected', 'Enters port']","['P', 'not_Q']",CORRECT,87,535,0
99,T100,0,990042,"If a contractor finishes the Job, the client must Pay.","Rule: ""If a contractor finishes the Job, the client must Pay.""
Cards: ['Job finished', 'Job ongoing', 'Client does not pay', 'Client pays']

Which cards must you turn over?
Your answer:","['Job finished', 'Job ongoing', 'Client does not pay', 'Client pays']","Let’s reason step-by-step.

1. **Understand the rule**:  
""If a contractor finishes the Job, the client must Pay.""  
This is a conditional statement:  
Finishing the Job → Must Pay.

2. **Logical structure**:  
Let P = ""Job finished""  
Let Q = ""Client pays""  
The rule is: P → Q.

3. **Checking violations**:  
To check if the rule is violated, we need to test cases where the antecedent (P) is true but the consequent (Q) is false.  
That means:  
- We must check any card showing **P true** to see if **Q is false** for that case.  
- We must also check any card showing **Q false** to see if **P is true** for that case.

4. **Card meanings**:  
'Job finished' → P is true.  
'Job ongoing' → P is false (since not finished).  
'Client does not pay' → Q is false.  
'Client pays' → Q is true.

5. **Which cards to turn**:  
- **Card 'Job finished' (P true)** → Must turn to see if the client pays (Q). If Q is false on the other side, rule is broken.  
- **Card 'Job ongoing' (P false)** → No need to turn. When P is false, rule doesn’t apply (antecedent false means implication is automatically true regardless of Q).  
- **Card 'Client does not pay' (Q false)** → Must turn to see if the job is finished (P). If P is true, then rule is broken (P true & Q false).  
- **Card 'Client pays' (Q true)** → No need to turn. When Q is true, the rule P → Q is satisfied regardless of P (no violation possible).

6. **Conclusion**:  
Must turn 'Job finished' and 'Client does not pay'.

ANSWER: Job finished, Client does not pay","['Job finished', 'Client does not pay']","['P', 'not_Q']",CORRECT,85,412,0
99,T100,1,990043,"If a contractor finishes the Job, the client must Pay.","Rule: ""If a contractor finishes the Job, the client must Pay.""
Cards: ['Client pays', 'Job finished', 'Job ongoing', 'Client does not pay']

Which cards must you turn over?
Your answer:","['Client pays', 'Job finished', 'Job ongoing', 'Client does not pay']","Let’s break this down.  

The rule is:  
> If a contractor finishes the Job, the client must Pay.  

In logical terms:  
Let \( F \) = ""Job finished""  
Let \( P \) = ""Client pays""  

Rule: \( F \rightarrow P \)  
(If \( F \) is true, then \( P \) must be true.)  

---

**Truth table perspective:**  
The only way this rule is broken is if \( F \) is true and \( P \) is false.  
So we need to check cards that could possibly violate this.  

---

**Cards given:**  
1. ""Client pays"" → \( P \) is true.  
   - This cannot violate the rule, because the rule only says what must happen when \( F \) is true. If \( P \) is true, even if \( F \) is true, it’s fine.  
   - So no need to check this card for violation.  

2. ""Job finished"" → \( F \) is true.  
   - If \( F \) is true, then \( P \) must be true. We need to check the other side of this card? Wait, the card itself says ""Job finished"", so we know \( F \) is true.  
   - But we need to see if \( P \) is false on the other side? Actually, in the selection task, each card has a statement on one side and possibly a different fact on the other side. Here, the statement is the visible side.  
   - We must turn this card to check the other side: if the other side says ""Client does not pay"", then \( F \) true and \( P \) false → violation.  

3. ""Job ongoing"" → \( F \) is false.  
   - If \( F \) is false, the rule says nothing about \( P \); \( P \) can be true or false without violating \( F \rightarrow P \).  
   - So no need to check this card.  

4. ""Client does not pay"" → \( P \) is false.  
   - If \( P \) is false, then to avoid violation, \( F \) must be false. If \( F \) is true, that’s a violation.  
   - So we must check the other side of this card to see if \( F \) is true.  

---

**Cards to turn over:**  
- ""Job finished"" (to ensure other side is not ""Client does not pay"")  
- ""Client does not pay"" (to ensure other side is not ""Job finished"")  

---

ANSWER: Job finished, Client does not pay","['Job finished', 'Client does not pay']","['P', 'not_Q']",CORRECT,85,541,0
99,T100,2,990044,"If a contractor finishes the Job, the client must Pay.","Rule: ""If a contractor finishes the Job, the client must Pay.""
Cards: ['Job ongoing', 'Client does not pay', 'Client pays', 'Job finished']

Which cards must you turn over?
Your answer:","['Job ongoing', 'Client does not pay', 'Client pays', 'Job finished']","Let’s break this down.  

The rule is:  
> If a contractor finishes the Job, the client must Pay.  

In logic terms:  
Let \( F \) = ""Job finished""  
Let \( P \) = ""Client pays""  

Rule: \( F \rightarrow P \) (If F, then P)  

To check violations of this conditional statement, we look for cases where \( F \) is true but \( P \) is false.  
That means we must check:  
1. Cards where \( F \) is true (to make sure \( P \) is also true).  
2. Cards where \( P \) is false (to make sure \( F \) is not true).  

---

**Cards given:**  
- **Job ongoing** → This is \( \neg F \) (F is false). No need to check because the rule only applies when F is true.  
- **Client does not pay** → This is \( \neg P \) (P is false). Must check to ensure F is false.  
- **Client pays** → This is \( P \) true. No need to check because rule only cares about P being false when F is true.  
- **Job finished** → This is \( F \) true. Must check to ensure P is true.  

---

**Must turn over:**  
1. **Job finished** (to see if on the other side it says ""Client does not pay"" — which would break the rule).  
2. **Client does not pay** (to see if on the other side it says ""Job finished"" — which would break the rule).  

---

ANSWER: Job finished, Client does not pay","['Job finished', 'Client does not pay']","['P', 'not_Q']",CORRECT,85,342,0
99,T100,3,990045,"If a contractor finishes the Job, the client must Pay.","Rule: ""If a contractor finishes the Job, the client must Pay.""
Cards: ['Client pays', 'Job finished', 'Client does not pay', 'Job ongoing']

Which cards must you turn over?
Your answer:","['Client pays', 'Job finished', 'Client does not pay', 'Job ongoing']","Let’s break this down.  

The rule is:  
> If a contractor finishes the Job, the client must Pay.  

In logic terms:  
Let \( F \) = ""Job finished""  
Let \( P \) = ""Client pays""  

Rule: \( F \rightarrow P \) (If \( F \) is true, then \( P \) must be true).  

The logical equivalent for checking violations is:  
We want to avoid \( F \land \neg P \) (Job finished but client does not pay).  

So we must check:  
1. Cards where \( F \) is true (Job finished) → must verify \( P \) is true.  
2. Cards where \( P \) is false (Client does not pay) → must verify \( F \) is false (otherwise violation).  

---

**Cards given:**  
- **Client pays** → \( P \) is true → no need to check if \( F \) is true or false, because rule only cares about \( F \rightarrow P \), and \( P \) true doesn’t violate regardless of \( F \).  
- **Job finished** → \( F \) is true → must check other side for \( P \) true.  
- **Client does not pay** → \( P \) is false → must check other side for \( F \) false.  
- **Job ongoing** → \( F \) is false → no need to check \( P \), because \( F \) false makes \( F \rightarrow P \) automatically true.  

---

**Must turn over:**  
1. **Job finished** (to ensure client pays)  
2. **Client does not pay** (to ensure job not finished)  

---

ANSWER: Job finished, Client does not pay","['Job finished', 'Client does not pay']","['P', 'not_Q']",CORRECT,85,355,0
99,T100,4,990046,"If a contractor finishes the Job, the client must Pay.","Rule: ""If a contractor finishes the Job, the client must Pay.""
Cards: ['Job ongoing', 'Client pays', 'Client does not pay', 'Job finished']

Which cards must you turn over?
Your answer:","['Job ongoing', 'Client pays', 'Client does not pay', 'Job finished']","Let’s break this down.  

The rule is:  
**If a contractor finishes the Job, the client must Pay.**  
This is a conditional statement:  
If **Job finished** → **Client pays**.  

In logical terms:  
Let \( F \) = Job finished  
Let \( P \) = Client pays  

Rule: \( F \rightarrow P \)  
Contrapositive: \( \neg P \rightarrow \neg F \)  

We need to check cards for violations.  
A violation occurs when \( F \) is true but \( P \) is false.  

---

**Cards given:**  
1. **Job ongoing** → This means \( F \) is false.  
   If \( F \) is false, the rule \( F \rightarrow P \) is automatically true (no violation possible).  
   So we don’t need to check this card.  

2. **Client pays** → This means \( P \) is true.  
   If \( P \) is true, the rule \( F \rightarrow P \) is true regardless of \( F \) (because if \( P \) is true, the consequent is satisfied).  
   So no violation possible here either.  

3. **Client does not pay** → This means \( P \) is false.  
   If \( P \) is false, then to avoid violation, \( F \) must be false (from contrapositive).  
   We must check this card to see if \( F \) is true. If \( F \) is true, it violates the rule.  

4. **Job finished** → This means \( F \) is true.  
   If \( F \) is true, then \( P \) must be true to satisfy the rule.  
   We must check this card to see if \( P \) is false. If \( P \) is false, it violates the rule.  

---

**Cards to turn over:**  
- **Job finished** (to check if client pays)  
- **Client does not pay** (to check if job is finished)  

---

ANSWER: Job finished, Client does not pay","['Job finished', 'Client does not pay']","['P', 'not_Q']",CORRECT,85,423,0
